AERONET Version 3
Laegeren
Version 3: AOD Level 1.5
The following data are cloud cleared and quality controls have been applied but these data may not have final calibration applied.  These data may change.
Contact: PI=Alexander_Damm-Reiser; PI Email=alexander.damm@geo.uzh.ch
Daily Averages,UNITS can be found at,,, https://aeronet.gsfc.nasa.gov/new_web/units.html
Date(dd:mm:yyyy),Time(hh:mm:ss),Day_of_Year,AOD_1640nm,AOD_1020nm,AOD_870nm,AOD_865nm,AOD_779nm,AOD_675nm,AOD_667nm,AOD_620nm,AOD_560nm,AOD_555nm,AOD_551nm,AOD_532nm,AOD_531nm,AOD_510nm,AOD_500nm,AOD_490nm,AOD_443nm,AOD_440nm,AOD_412nm,AOD_400nm,AOD_380nm,AOD_340nm,Precipitable_Water(cm),AOD_681nm,AOD_709nm,AOD_Empty,AOD_Empty,AOD_Empty,AOD_Empty,AOD_Empty,440-870_Angstrom_Exponent,380-500_Angstrom_Exponent,440-675_Angstrom_Exponent,500-870_Angstrom_Exponent,340-440_Angstrom_Exponent,440-675_Angstrom_Exponent[Polar],N[AOD_1640nm],N[AOD_1020nm],N[AOD_870nm],N[AOD_865nm],N[AOD_779nm],N[AOD_675nm],N[AOD_667nm],N[AOD_620nm],N[AOD_560nm],N[AOD_555nm],N[AOD_551nm],N[AOD_532nm],N[AOD_531nm],N[AOD_510nm],N[AOD_500nm],N[AOD_490nm],N[AOD_443nm],N[AOD_440nm],N[AOD_412nm],N[AOD_400nm],N[AOD_380nm],N[AOD_340nm],N[Precipitable_Water(cm)],N[AOD_681nm],N[AOD_709nm],N[AOD_Empty],N[AOD_Empty],N[AOD_Empty],N[AOD_Empty],N[AOD_Empty],N[440-870_Angstrom_Exponent],N[380-500_Angstrom_Exponent],N[440-675_Angstrom_Exponent],N[500-870_Angstrom_Exponent],N[340-440_Angstrom_Exponent],N[440-675_Angstrom_Exponent[Polar]],Data_Quality_Level,AERONET_Instrument_Number,AERONET_Site_Name,Site_Latitude(Degrees),Site_Longitude(Degrees),Site_Elevation(m)
02:10:2024,12:00:00,276,0.008425,0.016868,0.018654,-999.,-999.,0.026052,-999.,-999.,-999.,-999.,-999.,-999.,-999.,-999.,0.035519,-999.,-999.,0.039732,-999.,-999.,0.044641,0.049304,0.939747,-999.,-999.,-999.,-999.,-999.,-999.,-999.,1.104650,0.829197,0.993901,1.156421,0.835054,-999.,1,1,1,0,0,1,0,0,0,0,0,0,0,0,1,0,0,1,0,0,1,1,1,0,0,0,0,0,0,0,1,1,1,1,1,0,lev15,1353,Laegeren,47.478349,8.364352,763.000000
05:10:2024,12:00:00,279,0.003765,0.011587,0.015167,-999.,-999.,0.023638,-999.,-999.,-999.,-999.,-999.,-999.,-999.,-999.,0.040022,-999.,-999.,0.048368,-999.,-999.,0.061403,0.068789,1.075405,-999.,-999.,-999.,-999.,-999.,-999.,-999.,1.712180,1.558303,1.686906,1.748580,1.380659,-999.,18,18,18,0,0,18,0,0,0,0,0,0,0,0,18,0,0,18,0,0,18,18,18,0,0,0,0,0,0,0,18,18,18,18,18,0,lev15,1353,Laegeren,47.478349,8.364352,763.000000
06:10:2024,12:00:00,280,0.005826,0.014523,0.019732,-999.,-999.,0.029758,-999.,-999.,-999.,-999.,-999.,-999.,-999.,-999.,0.048808,-999.,-999.,0.057974,-999.,-999.,0.069717,0.074585,1.215906,-999.,-999.,-999.,-999.,-999.,-999.,-999.,1.592170,1.294621,1.570974,1.630185,0.995166,-999.,3,3,3,0,0,3,0,0,0,0,0,0,0,0,3,0,0,3,0,0,3,3,3,0,0,0,0,0,0,0,3,3,3,3,3,0,lev15,1353,Laegeren,47.478349,8.364352,763.000000
07:10:2024,12:00:00,281,0.011663,0.019099,0.022803,-999.,-999.,0.028820,-999.,-999.,-999.,-999.,-999.,-999.,-999.,-999.,0.043471,-999.,-999.,0.049381,-999.,-999.,0.059411,0.062555,2.151989,-999.,-999.,-999.,-999.,-999.,-999.,-999.,1.164311,1.139484,1.276524,1.167267,0.952903,-999.,10,10,10,0,0,10,0,0,0,0,0,0,0,0,10,0,0,10,0,0,9,9,10,0,0,0,0,0,0,0,10,10,10,10,9,0,lev15,1353,Laegeren,47.478349,8.364352,763.000000
10:10:2024,12:00:00,284,0.006788,0.013369,0.016538,-999.,-999.,0.024443,-999.,-999.,-999.,-999.,-999.,-999.,-999.,-999.,0.037707,-999.,-999.,0.043078,-999.,-999.,0.049711,0.053295,1.224475,-999.,-999.,-999.,-999.,-999.,-999.,-999.,1.409569,1.062403,1.336624,1.473965,0.913715,-999.,9,9,9,0,0,9,0,0,0,0,0,0,0,0,9,0,0,9,0,0,8,8,9,0,0,0,0,0,0,0,9,9,9,9,8,0,lev15,1353,Laegeren,47.478349,8.364352,763.000000
11:10:2024,12:00:00,285,0.011354,0.025509,0.033068,-999.,-999.,0.054348,-999.,-999.,-999.,-999.,-999.,-999.,-999.,-999.,0.090644,-999.,-999.,0.108437,-999.,-999.,0.130804,0.145486,1.047561,-999.,-999.,-999.,-999.,-999.,-999.,-999.,1.740898,1.323108,1.623673,1.810040,1.141649,-999.,18,18,18,0,0,18,0,0,0,0,0,0,0,0,18,0,0,18,0,0,18,18,18,0,0,0,0,0,0,0,18,18,18,18,18,0,lev15,1353,Laegeren,47.478349,8.364352,763.000000
14:10:2024,12:00:00,288,0.015676,0.026153,0.033954,-999.,-999.,0.049639,-999.,-999.,-999.,-999.,-999.,-999.,-999.,-999.,0.079149,-999.,-999.,0.094632,-999.,-999.,0.109478,0.115884,1.934788,-999.,-999.,-999.,-999.,-999.,-999.,-999.,1.514804,1.180766,1.524669,1.530454,0.894240,-999.,3,3,3,0,0,3,0,0,0,0,0,0,0,0,3,0,0,3,0,0,3,2,3,0,0,0,0,0,0,0,3,3,3,3,3,0,lev15,1353,Laegeren,47.478349,8.364352,763.000000
