CALITOO #2205-0425
------------------------------------------
CN0_465=3276;RAY_465=0.19490
CN0_540=3308;RAY_540=0.10637;OZ_540=0.0128
CN0_619=2515;RAY_619=0.06281;OZ_619=0.0154
----------------------------------------------------------------------
Date;Time;Temperature;Pression;RAW465;RAW540;RAW619;Altitude;Latitude;Longitude;Elevation;AOT465;AOT540;AOT619;Alpha;R²
2024-06-04;08:27:17;+23;0841;2520;2722;2179;01571;4648.80323N;00950.64761E;48.2;0.0496;0.0418;0.0446;0.38;0.40
2024-06-04;08:27:30;+24;0841;2528;2730;2191;0000M;4648.80283N;00950.64590E;48.3;0.0473;0.0397;0.0406;0.55;0.67
2024-06-04;08:27:41;+24;0841;2533;2728;2196;01568;4648.80336N;00950.64453E;48.3;0.0459;0.0403;0.0389;0.58;0.92
2024-06-04;09:00:02;+24;0841;2560;2751;2208;01618;4648.79158N;00950.68573E;53.3;0.0528;0.0441;0.0424;0.77;0.89
2024-06-04;09:00:23;+24;0841;2581;2767;2214;01617;4648.79129N;00950.68326E;53.4;0.0464;0.0395;0.0403;0.50;0.66
2024-06-04;09:00:37;+24;0841;2574;2752;2218;01619;4648.79066N;00950.68560E;53.4;0.0487;0.0439;0.0389;0.78;0.99
2024-06-04;09:35:14;+23;0841;2618;2796;2242;01616;4648.79352N;00950.67664E;58.3;0.0467;0.0390;0.0361;0.91;0.96
2024-06-04;09:35:40;+24;0841;2624;2819;2234;01613;4648.79351N;00950.67610E;58.3;0.0449;0.0321;0.0392;0.50;0.18
2024-06-04;09:35:53;+24;0841;2613;2802;2232;01614;4648.79352N;00950.67560E;58.3;0.0485;0.0373;0.0400;0.69;0.53
2024-06-18;06:30:43;+22;0845;1721;1968;1624;01618;4648.80054N;00950.67000E;28.7;0.1558;0.1453;0.1445;0.26;0.82
2024-06-18;06:31:00;+22;0845;1677;1917;1579;01617;4648.80067N;00950.66967E;28.8;0.1687;0.1583;0.1584;0.22;0.76
2024-06-18;06:31:19;+23;0845;1689;1931;1591;01616;4648.80064N;00950.66946E;28.8;0.1658;0.1552;0.1551;0.24;0.78
2024-06-18;07:02:19;+29;0844;2195;2471;2043;01616;4648.80153N;00950.66908E;34.2;0.0727;0.0589;0.0513;1.22;0.99
2024-06-18;07:02:32;+29;0844;2189;2466;2035;01618;4648.80068N;00950.66978E;34.2;0.0744;0.0602;0.0536;1.15;0.98
2024-06-18;07:02:45;+30;0844;2181;2458;2028;01619;4648.80031N;00950.66968E;34.2;0.0767;0.0622;0.0557;1.13;0.98
2024-06-18;07:35:10;+33;0844;2304;2562;2105;01610;4648.80113N;00950.67048E;39.8;0.0744;0.0581;0.0488;1.48;0.99
2024-06-18;07:35:26;+33;0844;2299;2555;2095;01609;4648.80084N;00950.67022E;39.8;0.0760;0.0600;0.0519;1.34;0.99
2024-06-18;07:35:46;+33;0844;2302;2562;2102;01609;4648.80052N;00950.66998E;39.9;0.0755;0.0584;0.0499;1.45;0.99
2024-06-18;08:03:45;+34;0844;2275;2510;2051;01615;4648.80111N;00950.67001E;44.6;0.1064;0.0880;0.0784;1.07;0.99
2024-06-18;08:04:04;+34;0844;2244;2475;2022;01616;4648.80077N;00950.67043E;44.7;0.1163;0.0981;0.0885;0.96;0.99
2024-06-18;08:04:29;+34;0844;2253;2486;2029;01617;4648.80054N;00950.67067E;44.7;0.1138;0.0952;0.0863;0.97;0.98
2024-06-18;08:35:39;+34;0844;2049;2236;1808;01618;4648.80101N;00950.67143E;49.8;0.2100;0.1930;0.1876;0.40;0.94
2024-06-18;08:36:01;+34;0844;1953;2135;1723;01616;4648.80035N;00950.67042E;49.9;0.2470;0.2286;0.2246;0.34;0.90
2024-06-18;08:36:16;+34;0844;1895;2070;1671;01614;4648.80031N;00950.67009E;49.9;0.2703;0.2525;0.2482;0.30;0.91
2024-06-18;09:35:25;+34;0844;2316;2522;2044;01616;4648.80037N;00950.66869E;58.7;0.1494;0.1250;0.1129;0.98;0.98
2024-06-18;09:35:55;+34;0844;2293;2493;2025;01616;4648.80088N;00950.66945E;58.7;0.1581;0.1351;0.1210;0.94;0.99
2024-06-18;09:36:07;+34;0844;2237;2437;1977;01616;4648.80081N;00950.66922E;58.8;0.1793;0.1546;0.1416;0.83;0.99
2024-06-18;10:36:11;+40;0844;2374;2565;2073;01619;4648.80087N;00950.66960E;65.1;0.1461;0.1236;0.1113;0.95;0.99
2024-06-18;10:36:48;+40;0844;2367;2557;2068;01613;4648.80184N;00950.66983E;65.1;0.1489;0.1265;0.1135;0.95;0.99
2024-06-18;10:37:15;+40;0844;2394;2591;2096;01612;4648.80207N;00950.66986E;65.1;0.1386;0.1146;0.1013;1.10;0.99
2024-06-18;11:04:05;+41;0844;2404;2582;2080;01617;4648.80192N;00950.66987E;66.4;0.1379;0.1199;0.1101;0.79;0.99
2024-06-18;11:04:22;+41;0844;2398;2575;2070;01614;4648.80226N;00950.66960E;66.4;0.1402;0.1224;0.1145;0.71;0.97
2024-06-18;11:04:38;+41;0844;2403;2585;2077;01612;4648.80223N;00950.66942E;66.4;0.1383;0.1189;0.1114;0.76;0.96
2024-06-19;07:10:31;+24;0843;1632;1827;1489;00002;4648.80035N;00950.66931E;35.5;0.2533;0.2401;0.2393;0.20;0.81
2024-06-19;07:10:44;+24;0843;1622;1813;1479;01615;4648.80021N;00950.66817E;35.6;0.2573;0.2449;0.2435;0.19;0.84
2024-06-19;07:11:00;+24;0843;1619;1813;1479;01616;4648.80041N;00950.66743E;35.6;0.2588;0.2453;0.2439;0.21;0.84
2024-06-19;07:36:12;+32;0843;1752;1940;1574;01615;4648.80019N;00950.66969E;39.9;0.2511;0.2371;0.2357;0.22;0.84
2024-06-19;07:36:36;+32;0843;1747;1932;1570;01617;4648.80071N;00950.66869E;40.0;0.2535;0.2403;0.2378;0.23;0.89
2024-06-19;07:36:56;+32;0843;1759;1944;1578;0000M;4648.80074N;00950.66867E;40.1;0.2496;0.2367;0.2348;0.22;0.86
2024-06-19;08:06:25;+34;0842;1871;2047;1658;01616;4648.80122N;00950.66826E;45.0;0.2469;0.2338;0.2299;0.25;0.93
2024-06-19;08:07:15;+33;0842;1873;2052;1661;01618;4648.80061N;00950.66876E;45.2;0.2472;0.2329;0.2294;0.26;0.91
2024-06-19;08:37:42;+33;0843;2005;2183;1762;01613;4648.80096N;00950.66899E;50.1;0.2284;0.2128;0.2084;0.32;0.92
2024-06-19;08:37:57;+33;0843;1987;2164;1746;01612;4648.80078N;00950.66872E;50.2;0.2356;0.2197;0.2156;0.31;0.91
2024-06-19;08:38:16;+33;0843;1985;2166;1746;01612;4648.80052N;00950.66835E;50.2;0.2366;0.2192;0.2158;0.32;0.89
2024-06-19;09:30:53;+36;0843;2188;2372;1914;01619;4648.80216N;00950.66865E;58.1;0.1956;0.1755;0.1674;0.55;0.96
2024-06-19;09:31:10;+36;0843;2188;2372;1913;01619;4648.80167N;00950.66853E;58.1;0.1958;0.1756;0.1680;0.54;0.96
2024-06-19;09:31:28;+36;0843;2200;2384;1924;01620;4648.80143N;00950.66873E;58.1;0.1913;0.1715;0.1632;0.56;0.97
2024-06-19;10:04:24;+37;0843;2270;2460;1977;01618;4648.80187N;00950.66738E;62.2;0.1782;0.1550;0.1487;0.64;0.93
2024-06-19;10:04:42;+37;0843;2267;2452;1974;01616;4648.80164N;00950.66758E;62.2;0.1795;0.1580;0.1501;0.63;0.95
2024-06-19;10:05:02;+37;0843;2289;2468;1994;01613;4648.80161N;00950.66794E;62.3;0.1710;0.1523;0.1413;0.67;0.99
2024-06-19;10:35:52;+38;0843;2360;2548;2050;01620;4648.80171N;00950.66833E;65.0;0.1515;0.1296;0.1213;0.78;0.96
2024-06-19;10:36:11;+38;0843;2344;2526;2038;01618;4648.80222N;00950.66877E;65.1;0.1577;0.1375;0.1266;0.77;0.99
2024-06-19;10:36:26;+38;0843;2334;2524;2030;01617;4648.80218N;00950.66912E;65.1;0.1616;0.1382;0.1302;0.76;0.95
2024-06-19;11:05:43;+39;0843;2339;2524;2031;01618;4648.80365N;00950.67089E;66.5;0.1632;0.1408;0.1319;0.75;0.96
2024-06-19;11:05:59;+39;0843;2340;2526;2038;01618;4648.80365N;00950.67110E;66.5;0.1628;0.1401;0.1288;0.82;0.98
2024-06-19;11:06:16;+39;0843;2337;2524;2035;01617;4648.80351N;00950.67107E;66.5;0.1640;0.1409;0.1301;0.81;0.98
2024-06-19;12:07:26;+33;0844;2259;2440;1951;01615;4648.79996N;00950.67100E;64.7;0.1899;0.1680;0.1654;0.49;0.85
2024-06-19;14:00:20;+28;0844;2040;2219;1780;01615;4648.80021N;00950.66772E;50.2;0.2154;0.2005;0.2009;0.25;0.75
2024-06-19;14:13:33;+25;0844;1958;2141;1721;01621;4648.79963N;00950.66914E;48.1;0.2340;0.2176;0.2175;0.26;0.78
2024-06-19;14:27:37;+25;0844;1978;2158;1736;01615;4648.79964N;00950.66845E;45.8;0.2120;0.2001;0.2007;0.19;0.73
2024-06-19;14:45:18;+24;0844;1833;2011;1619;01618;4648.79919N;00950.67004E;42.8;0.2445;0.2325;0.2343;0.15;0.64
2024-06-19;14:56:19;+25;0844;1624;1789;1442;01612;4648.80182N;00950.67208E;41.0;0.3094;0.2973;0.2995;0.12;0.62
2024-07-05;07:02:44;+24;0843;2299;2577;2098;01609;4648.79136N;00950.67723E;33.2;0.0413;0.0316;0.0334;0.75;0.59
2024-07-05;07:03:13;+24;0843;2301;2579;2092;01604;4648.79364N;00950.67684E;33.3;0.0413;0.0315;0.0352;0.57;0.36
2024-07-05;07:03:26;+24;0843;2299;2575;2098;01605;4648.79360N;00950.67724E;33.3;0.0419;0.0325;0.0338;0.77;0.64
2024-07-05;07:44:43;+27;0843;2437;2670;2168;01610;4648.79482N;00950.67242E;40.4;0.0407;0.0329;0.0306;1.00;0.94
2024-07-05;07:44:53;+27;0843;2433;2665;2164;01611;4648.79513N;00950.67092E;40.4;0.0419;0.0342;0.0319;0.96;0.94
2024-07-05;07:45:02;+27;0843;2428;2671;2158;01612;4648.79531N;00950.67077E;40.4;0.0433;0.0328;0.0337;0.89;0.69
2024-07-05;08:05:26;+26;0843;2369;2579;2051;01610;4648.79555N;00950.66990E;43.9;0.0744;0.0663;0.0759;-.--;-.--
2024-07-05;08:05:35;+26;0843;2370;2588;2067;01609;4648.79561N;00950.67016E;43.9;0.0742;0.0639;0.0706;0.19;0.13
2024-07-05;08:05:47;+26;0843;2338;2551;2026;01608;4648.79522N;00950.67108E;43.9;0.0838;0.0740;0.0846;-.--;-.--
2024-07-05;08:38:22;+27;0843;2542;2759;2213;01611;4648.79525N;00950.67114E;49.2;0.0430;0.0308;0.0317;1.09;0.70
2024-07-05;08:38:52;+27;0843;2554;2766;2222;01608;4648.79641N;00950.66875E;49.3;0.0397;0.0290;0.0287;1.15;0.79
2024-07-05;09:05:58;+26;0843;2583;2785;2232;01606;4648.79062N;00950.67988E;53.5;0.0428;0.0313;0.0309;1.15;0.80
2024-07-05;09:06:14;+26;0843;2570;2779;2219;01613;4648.79161N;00950.68436E;53.5;0.0469;0.0331;0.0357;0.98;0.59
2024-07-05;09:06:25;+26;0843;2578;2786;2224;01611;4648.79148N;00950.68469E;53.6;0.0445;0.0312;0.0339;0.97;0.56
2024-07-05;09:28:20;+28;0842;2597;2794;2232;01606;4648.79561N;00950.67097E;56.7;0.0466;0.0340;0.0349;1.03;0.71
2024-07-05;09:0.:00;+28;0842;2598;2792;2219;01611;4648.79544N;00950.67127E;57.0;0.0470;0.0351;0.0402;0.57;0.31
2024-07-05;09:28:53;+28;0842;2594;2787;2224;01617;4648.79552N;00950.67525E;56.8;0.0478;0.0363;0.0380;0.82;0.63
2024-07-05;09:29:15;+28;0843;2612;2806;2242;01612;4648.79576N;00950.67058E;56.8;0.0419;0.0305;0.0313;1.04;0.72
2024-07-09;07:35:17;+23;0846;2248;2518;2059;01602;4648.79094N;00950.68427E;38.4;0.0819;0.0635;0.0585;1.18;0.93
2024-07-09;07:35:24;+23;0846;2248;2526;2066;01603;4648.79131N;00950.68330E;38.4;0.0820;0.0616;0.0565;1.31;0.93
2024-07-09;07:35:36;+23;0846;2248;2517;2057;01602;4648.79189N;00950.68188E;38.4;0.0822;0.0640;0.0593;1.15;0.93
2024-07-09;08:03:13;+26;0832;2318;2572;2101;01608;4648.78940N;00950.68623E;43.1;0.0882;0.0671;0.0582;1.46;0.98
2024-07-09;08:03:22;+26;0846;2309;2561;2078;01609;4648.79211N;00950.67888E;43.1;0.0882;0.0686;0.0650;1.08;0.89
2024-07-09;08:03:33;+26;0846;2297;2550;2090;01611;4648.79419N;00950.67291E;43.1;0.0919;0.0716;0.0611;1.43;0.99
2024-07-09;10:10:52;+32;0846;2453;2670;2152;01599;4648.79365N;00950.67567E;61.5;0.1067;0.0806;0.0721;1.38;0.95
2024-07-09;10:11:00;+32;0846;2438;2653;2140;01596;4648.79363N;00950.67518E;61.5;0.1122;0.0862;0.0771;1.32;0.96
2024-07-09;10:11:08;+32;0846;2429;2644;2129;01594;4648.79369N;00950.67476E;61.5;0.1155;0.0892;0.0816;1.22;0.94
2024-07-10;07:15:24;+24;0847;2011;2314;1932;01603;4648.79213N;00950.67766E;34.9;0.1262;0.0987;0.0849;1.39;0.99
2024-07-10;07:15:36;+24;0847;2009;2307;1927;01607;4648.79303N;00950.67834E;34.9;0.1270;0.1007;0.0865;1.34;0.99
2024-07-10;07:15:50;+24;0847;2019;2317;1936;01615;4648.79364N;00950.67712E;35.0;0.1244;0.0984;0.0840;1.38;0.99
2024-07-10;07:16:07;+24;0847;2019;2321;1935;0000M;4648.79335N;00950.67668E;35.0;0.1248;0.0976;0.0845;1.37;0.99
2024-07-10;07:38:54;+26;0846;2089;2371;1965;01613;4648.79303N;00950.67248E;38.9;0.1307;0.1032;0.0893;1.34;0.99
2024-07-10;07:39:30;+26;0846;2101;2390;1981;01610;4648.79353N;00950.67255E;39.0;0.1278;0.0986;0.0845;1.45;0.99
2024-07-10;08:38:37;+26;0846;2251;2516;2053;01592;4648.79463N;00950.66711E;48.7;0.1325;0.0990;0.0874;1.46;0.96
2024-07-10;08:38:51;+27;0846;2254;2513;2053;01591;4648.79366N;00950.66767E;48.8;0.1317;0.1000;0.0875;1.44;0.97
2024-07-10;08:39:02;+27;0846;2258;2513;2059;01592;4648.79289N;00950.66891E;48.8;0.1305;0.1001;0.0854;1.49;0.99
2024-07-10;09:09:08;+25;0846;2287;2537;2065;01609;4648.79482N;00950.67501E;53.4;0.1400;0.1060;0.0933;1.42;0.97
2024-07-10;09:09:22;+25;0846;2297;2548;2078;01611;4648.79531N;00950.67693E;53.5;0.1366;0.1026;0.0884;1.53;0.98
2024-07-10;09:09:38;+25;0846;2290;2540;2064;01615;4648.79571N;00950.67940E;53.5;0.1392;0.1053;0.0939;1.39;0.96
2024-07-10;09:09:53;+25;0846;2286;2535;2066;01616;4648.79560N;00950.67875E;53.5;0.1407;0.1070;0.0932;1.45;0.97
2024-07-11;07:08:19;+23;0847;1984;2288;1916;01616;4648.79479N;00950.67138E;33.6;0.1240;0.0983;0.0845;1.35;0.99
2024-07-11;07:08:28;+23;0847;1977;2288;1912;01612;4648.79400N;00950.67406E;33.6;0.1262;0.0985;0.0857;1.36;0.98
2024-07-11;07:08:40;+23;0847;1981;2291;1913;01613;4648.79302N;00950.67518E;33.6;0.1253;0.0979;0.0856;1.34;0.98
2024-07-11;07:29:42;+25;0846;2093;2383;1972;01622;4648.79318N;00950.66995E;37.2;0.1188;0.0927;0.0814;1.33;0.98
2024-07-11;07:30:15;+25;0846;2096;2388;1978;01614;4648.79460N;00950.66853E;37.3;0.1186;0.0918;0.0799;1.38;0.98
2024-07-11;07:30:34;+25;0846;2103;2395;1984;01614;4648.79481N;00950.66904E;37.4;0.1169;0.0903;0.0783;1.41;0.98
2024-07-11;07:57:00;+25;0846;2175;2452;2017;01606;4648.78862N;00950.68843E;41.8;0.1221;0.0936;0.0817;1.41;0.97
2024-07-11;07:57:40;+26;0846;2171;2449;2018;01601;4648.79086N;00950.68307E;41.9;0.1240;0.0948;0.0817;1.46;0.98
2024-07-11;07:57:53;+26;0846;2176;2449;2023;01601;4648.79126N;00950.68258E;42.0;0.1227;0.0950;0.0802;1.49;0.99
2024-07-11;08:12:11;+26;0846;2209;2482;2036;01615;4648.78935N;00950.68996E;44.3;0.1250;0.0945;0.0824;1.47;0.97
2024-07-11;08:12:27;+26;0846;2206;2475;2034;01614;4648.78968N;00950.68827E;44.4;0.1262;0.0966;0.0832;1.46;0.98
2024-07-11;08:12:39;+27;0846;2208;2475;2036;0000M;4648.79028N;00950.68608E;44.4;0.1257;0.0967;0.0826;1.47;0.99
2024-07-11;08:38:01;+27;0846;2221;2482;2036;01602;4648.79271N;00950.68719E;48.5;0.1417;0.1086;0.0932;1.47;0.98
2024-07-11;08:38:24;+27;0846;2237;2501;2045;01602;4648.78911N;00950.69235E;48.6;0.1366;0.1031;0.0900;1.46;0.97
2024-07-11;08:38:44;+27;0846;2238;2500;2044;01604;4648.78900N;00950.69283E;48.6;0.1365;0.1036;0.0905;1.44;0.97
2024-07-11;08:39:33;+27;0846;2247;2505;2052;01610;4648.78946N;00950.69133E;48.8;0.1341;0.1025;0.0879;1.48;0.98
2024-07-11;08:53:33;+26;0846;2257;2514;2056;01596;4648.79501N;00950.65970E;51.0;0.1403;0.1063;0.0915;1.50;0.98
2024-07-11;08:53:56;+27;0846;2256;2512;2055;01608;4648.79463N;00950.66910E;51.0;0.1409;0.1071;0.0920;1.50;0.98
2024-07-11;09:15:24;+27;0846;2323;2570;2091;01650;4648.79292N;00950.70601E;54.2;0.1304;0.0977;0.0849;1.51;0.97
2024-07-11;09:15:46;+27;0846;2321;2567;2092;0000M;4648.79446N;00950.69515E;54.3;0.1313;0.0988;0.0846;1.54;0.98
2024-07-11;09:16:05;+27;0846;2308;2556;2083;0000M;4648.79454N;00950.69337E;54.3;0.1361;0.1024;0.0882;1.52;0.98
2024-07-11;09:30:30;+27;0846;2309;2548;2082;01610;4648.79377N;00950.67389E;56.3;0.1431;0.1100;0.0924;1.53;0.99
2024-07-11;09:30:41;+27;0846;2303;2551;2080;01607;4648.79503N;00950.67032E;56.4;0.1453;0.1091;0.0933;1.56;0.98
2024-07-11;10:08:11;+25;0846;2320;2564;2082;01614;4648.79207N;00950.67834E;60.9;0.1542;0.1152;0.1005;1.51;0.97
2024-07-11;10:08:25;+25;0846;2315;2559;2081;01615;4648.79274N;00950.67534E;60.9;0.1562;0.1169;0.1009;1.53;0.97
2024-07-11;10:08:43;+25;0846;2324;2564;2087;01618;4648.79363N;00950.67440E;61.0;0.1529;0.1153;0.0984;1.54;0.98
2024-07-11;11:00:37;+27;0846;2372;2601;2104;01610;4648.78689N;00950.65452E;64.8;0.1453;0.1098;0.0969;1.42;0.96
2024-07-11;11:00:46;+27;0846;2372;2604;2112;01608;4648.78817N;00950.65349E;64.8;0.1453;0.1088;0.0934;1.55;0.98
2024-07-11;11:01:00;+27;0846;2378;2614;2113;01606;4648.78898N;00950.65148E;64.8;0.1431;0.1053;0.0930;1.51;0.96
2024-07-15;06:35:05;+24;0844;1798;2139;1829;01602;4648.79486N;00950.67645E;27.4;0.1219;0.0963;0.0807;1.45;1.00
2024-07-15;06:35:23;+24;0844;1810;2149;1839;01607;4648.79215N;00950.67768E;27.4;0.1194;0.0945;0.0784;1.47;1.00
2024-07-15;06:35:40;+24;0844;1805;2148;1837;01601;4648.79245N;00950.68153E;27.5;0.1211;0.0950;0.0792;1.49;1.00
2024-07-15;06:35:53;+24;0844;1799;2136;1828;01597;4648.79264N;00950.68432E;27.5;0.1230;0.0978;0.0816;1.44;1.00
2024-07-15;07:01:39;+25;0844;1959;2277;1922;01613;4648.79647N;00950.66526E;31.9;0.1192;0.0929;0.0767;1.54;1.00
2024-07-15;07:01:59;+25;0844;1963;2282;1924;01614;4648.79568N;00950.66930E;32.0;0.1186;0.0920;0.0764;1.54;1.00
2024-07-15;07:02:21;+25;0844;1953;2277;1914;01613;4648.79463N;00950.67231E;32.1;0.1218;0.0935;0.0794;1.50;0.99
2024-07-15;07:02:45;+25;0844;1953;2274;1915;01613;4648.79373N;00950.67472E;32.1;0.1224;0.0946;0.0794;1.51;0.99
2024-07-15;07:23:42;+26;0844;2056;2364;1968;01613;4648.79551N;00950.66909E;35.7;0.1201;0.0911;0.0778;1.52;0.98
2024-07-15;07:23:57;+26;0844;2069;2369;1979;01612;4648.79652N;00950.66500E;35.8;0.1167;0.0900;0.0747;1.56;1.00
2024-07-15;07:24:16;+26;0844;2057;2355;1961;01612;4648.79696N;00950.66271E;35.8;0.1205;0.0937;0.0802;1.43;0.99
2024-07-15;07:43:04;+27;0844;2125;2411;2003;01617;4648.78635N;00950.69957E;39.0;0.1214;0.0937;0.0781;1.55;0.99
2024-07-15;07:43:26;+27;0844;2140;2436;2013;01619;4648.78630N;00950.69886E;39.1;0.1174;0.0875;0.0752;1.56;0.98
2024-07-15;08:03:26;+28;0843;2158;2441;2022;01604;4648.79241N;00950.67836E;42.4;0.1316;0.0995;0.0823;1.65;0.99
2024-07-15;08:04:00;+28;0843;2148;2434;2006;01604;4648.79175N;00950.67810E;42.5;0.1352;0.1018;0.0879;1.51;0.98
2024-07-15;08:04:19;+28;0843;2150;2430;2018;01604;4648.79145N;00950.67811E;42.6;0.1349;0.1031;0.0840;1.66;1.00
2024-07-15;08:18:43;+28;0843;2183;2458;2027;01525;4648.78187N;00950.64622E;44.9;0.1373;0.1040;0.0876;1.58;0.99
2024-07-15;08:19:00;+28;0843;2189;2463;2034;01548;4648.78315N;00950.66328E;45.0;0.1356;0.1027;0.0853;1.63;0.99
2024-07-15;08:19:20;+28;0843;2199;2473;2040;01615;4648.78540N;00950.70467E;45.0;0.1326;0.1001;0.0833;1.63;0.99
2024-07-15;08:32:15;+28;0843;2222;2492;2053;01616;4648.79792N;00950.66852E;47.1;0.1355;0.1016;0.0841;1.67;0.99
2024-07-15;08:32:30;+28;0843;2208;2469;2038;01610;4648.79831N;00950.66733E;47.1;0.1403;0.1086;0.0895;1.57;1.00
2024-07-15;08:32:44;+28;0843;2219;2488;2048;01605;4648.79984N;00950.66453E;47.2;0.1369;0.1031;0.0860;1.63;0.99
2024-07-15;08:47:49;+28;0843;2226;2493;2054;01611;4648.79319N;00950.67251E;49.6;0.1457;0.1092;0.0896;1.70;0.99
2024-07-15;08:48:00;+28;0843;2226;2494;2053;01608;4648.79025N;00950.67912E;49.6;0.1458;0.1090;0.0900;1.69;0.99
2024-07-15;08:48:13;+28;0843;2228;2494;2050;01609;4648.79192N;00950.67636E;49.6;0.1453;0.1091;0.0912;1.63;0.99
2024-07-15;08:59:35;+27;0843;2276;2540;2077;01635;4648.79326N;00950.70238E;51.4;0.1364;0.1002;0.0850;1.66;0.98
2024-07-15;08:59:50;+28;0843;2287;2546;2085;01632;4648.79338N;00950.69541E;51.4;0.1328;0.0984;0.0821;1.69;0.99
2024-07-15;09:00:09;+28;0843;2268;2524;2067;01629;4648.79326N;00950.69286E;51.4;0.1396;0.1053;0.0890;1.58;0.99
2024-08-06;07:06:12;+20;0842;2120;2425;2013;01619;4648.80217N;00950.66972E;29.4;0.0631;0.0507;0.0463;1.09;0.96
2024-08-06;07:06:42;+20;0842;2108;2411;2005;0000M;4648.80115N;00950.66985E;29.5;0.0665;0.0540;0.0485;1.11;0.98
2024-08-06;07:06:53;+20;0842;2105;2410;1993;01618;4648.80109N;00950.67006E;29.5;0.0674;0.0543;0.0516;0.94;0.90
2024-08-06;07:34:20;+21;0842;2225;2513;2066;01614;4648.80145N;00950.66962E;34.1;0.0683;0.0525;0.0480;1.24;0.94
2024-08-06;07:34:47;+21;0842;2217;2505;2052;01614;4648.80139N;00950.67023E;34.2;0.0708;0.0546;0.0521;1.08;0.88
2024-08-06;08:02:04;+31;0842;2305;2567;2106;01619;4648.80181N;00950.66998E;38.7;0.0725;0.0568;0.0493;1.36;0.98
2024-08-06;08:02:19;+31;0842;2309;2573;2108;01620;4648.80137N;00950.67022E;38.8;0.0716;0.0555;0.0488;1.35;0.97
2024-08-06;08:02:35;+31;0842;2304;2570;2106;01621;4648.80125N;00950.67035E;38.8;0.0732;0.0564;0.0495;1.38;0.97
2024-08-06;08:31:40;+35;0841;2373;2622;2140;01620;4648.80077N;00950.67126E;43.4;0.0759;0.0579;0.0499;1.47;0.98
2024-08-06;08:31:59;+35;0841;2365;2619;2137;01619;4648.80117N;00950.67126E;43.5;0.0784;0.0589;0.0509;1.52;0.97
2024-08-06;08:32:20;+35;0841;2363;2612;2135;0000M;4648.80111N;00950.67138E;43.5;0.0792;0.0609;0.0517;1.50;0.99
2024-08-06;09:02:31;+31;0841;2431;2665;2163;01611;4648.80032N;00950.66843E;48.0;0.0772;0.0588;0.0514;1.43;0.97
2024-08-06;09:02:52;+31;0841;2422;2654;2147;01610;4648.80027N;00950.66854E;48.0;0.0802;0.0620;0.0570;1.20;0.93
2024-08-06;09:03:08;+31;0841;2427;2659;2155;01610;4648.80011N;00950.66879E;48.1;0.0788;0.0607;0.0544;1.30;0.96
2024-08-06;09:33:11;+32;0841;2476;2701;2184;01625;4648.79787N;00950.66820E;52.1;0.0775;0.0580;0.0511;1.46;0.96
2024-08-06;09:33:28;+32;0841;2468;2695;2176;01623;4648.79980N;00950.66846E;52.1;0.0802;0.0599;0.0541;1.38;0.94
2024-08-06;09:33:44;+32;0841;2473;2701;2187;01623;4648.80035N;00950.66858E;52.1;0.0787;0.0582;0.0502;1.58;0.97
2024-08-06;10:06:57;+29;0841;2510;2734;2199;01617;4648.79907N;00950.66847E;55.8;0.0778;0.0557;0.0512;1.47;0.91
2024-08-06;10:07:13;+29;0841;2511;2725;2198;01616;4648.79934N;00950.66884E;55.8;0.0776;0.0585;0.0517;1.43;0.96
2024-08-06;10:08:08;+28;0841;2513;2731;2204;01615;4648.79976N;00950.66927E;55.9;0.0772;0.0568;0.0495;1.56;0.96
2024-08-06;10:35:36;+32;0841;2532;2742;2209;01624;4648.80004N;00950.66841E;58.1;0.0768;0.0574;0.0505;1.47;0.96
2024-08-06;10:35:52;+32;0841;2526;2741;2210;01623;4648.80080N;00950.66847E;58.1;0.0788;0.0577;0.0502;1.59;0.96
2024-08-06;10:36:10;+32;0841;2517;2730;2203;01621;4648.80092N;00950.66795E;58.1;0.0819;0.0612;0.0529;1.54;0.97
2024-08-06;12:11:45;+32;0841;2480;2695;2179;01615;4648.80250N;00950.67069E;58.0;0.0941;0.0719;0.0620;1.46;0.98
2024-08-06;12:12:00;+32;0841;2465;2680;2168;01614;4648.80346N;00950.67110E;58.0;0.0992;0.0766;0.0663;1.42;0.98
2024-08-06;12:12:11;+31;0841;2471;2691;2172;01614;4648.80357N;00950.67111E;58.0;0.0971;0.0731;0.0647;1.43;0.96
2024-08-06;12:35:42;+32;0841;2450;2669;2163;01616;4648.80306N;00950.66942E;56.1;0.0988;0.0762;0.0654;1.45;0.99
2024-08-06;12:35:54;+32;0841;2450;2678;2166;01615;4648.80327N;00950.66964E;56.1;0.0987;0.0734;0.0642;1.51;0.97
2024-08-06;12:36:08;+32;0841;2443;2664;2161;01614;4648.80348N;00950.66974E;56.1;0.1010;0.0777;0.0661;1.49;0.99
2024-08-06;13:03:09;+34;0841;2415;2643;2145;01627;4648.80179N;00950.66899E;53.2;0.1012;0.0779;0.0674;1.42;0.98
2024-08-06;13:03:27;+34;0841;2420;2652;2152;01628;4648.80248N;00950.66921E;53.2;0.0994;0.0751;0.0647;1.50;0.98
2024-08-06;13:03:44;+34;0841;2419;2655;2156;01629;4648.80262N;00950.66980E;53.2;0.0996;0.0741;0.0632;1.60;0.98
2024-08-06;14:31:40;+33;0840;2093;2356;1939;01618;4648.80098N;00950.67078E;40.7;0.1456;0.1196;0.1081;1.05;0.97
2024-08-06;14:31:48;+33;0840;2122;2381;1966;01618;4648.80150N;00950.67045E;40.7;0.1365;0.1126;0.0991;1.12;0.99
2024-08-06;14:32:00;+33;0840;1996;2233;1841;01619;4648.80172N;00950.67030E;40.6;0.1762;0.1542;0.1417;0.76;0.99
2024-08-06;15:02:02;+31;0840;2054;2342;1951;01617;4648.80146N;00950.67044E;35.7;0.1246;0.1001;0.0863;1.29;0.99
2024-08-06;15:02:26;+31;0840;2055;2344;1959;01617;4648.80096N;00950.67035E;35.7;0.1239;0.0992;0.0836;1.38;1.00
2024-08-09;13:04:02;+24;0846;2322;2524;2009;01624;4648.80398N;00950.67058E;52.3;0.1290;0.1125;0.1182;0.32;0.43
2024-08-20;10:33:01;+27;0840;2338;2567;2090;01614;4648.80090N;00950.67069E;54.0;0.1345;0.1077;0.0942;1.25;0.99
2024-08-20;10:52:46;+32;0840;2332;2565;2083;01620;4648.80102N;00950.66973E;54.9;0.1400;0.1107;0.0988;1.22;0.97
2024-08-23;08:33:27;+23;0843;2182;2441;2004;01619;4648.79914N;00950.66848E;40.0;0.1187;0.0980;0.0888;1.02;0.97
2024-08-23;08:48:00;+28;0843;2218;2476;2033;01620;4648.80026N;00950.66745E;42.1;0.1196;0.0969;0.0859;1.16;0.98
2024-08-23;09:03:10;+31;0843;2235;2482;2036;01619;4648.79986N;00950.66741E;44.2;0.1253;0.1029;0.0908;1.13;0.99
2024-08-23;09:17:43;+30;0843;2260;2502;2049;01620;4648.80156N;00950.66843E;46.0;0.1267;0.1039;0.0914;1.14;0.99
2024-08-23;09:35:36;+31;0843;2275;2512;2066;01612;4648.80312N;00950.66946E;48.1;0.1318;0.1080;0.0908;1.30;1.00
2024-08-23;09:50:15;+30;0843;2315;2553;2087;01616;4648.80295N;00950.67068E;49.7;0.1255;0.1006;0.0868;1.29;0.99
2024-08-23;10:01:45;+27;0843;2305;2538;2060;01616;4648.80242N;00950.67039E;50.7;0.1334;0.1083;0.0993;1.04;0.96
2024-08-23;10:16:17;+29;0843;2330;2562;2097;01613;4648.80221N;00950.66959E;51.9;0.1298;0.1044;0.0881;1.36;1.00
2024-08-23;10:23:52;+29;0843;2323;2563;2091;01616;4648.80225N;00950.66986E;52.5;0.1343;0.1056;0.0915;1.35;0.99
2024-08-23;10:32:43;+28;0843;2343;2577;2102;01614;4648.80159N;00950.67038E;53.0;0.1296;0.1028;0.0885;1.34;0.99
2024-08-23;11:53:49;+25;0843;2260;2496;2031;01621;4648.79959N;00950.66901E;53.6;0.1610;0.1301;0.1174;1.11;0.97
2024-08-23;12:00:34;+26;0843;2253;2494;2036;01618;4648.80183N;00950.66988E;53.3;0.1622;0.1298;0.1147;1.22;0.98
2024-08-23;12:15:36;+33;0843;2193;2438;2003;01607;4648.80010N;00950.66990E;52.4;0.1798;0.1451;0.1255;1.26;0.99
2024-08-23;12:29:17;+34;0843;2200;2447;2003;0000M;4648.79940N;00950.66844E;51.4;0.1726;0.1388;0.1228;1.19;0.98
2024-08-23;12:46:.0;+27;0843;2205;2454;2027;01603;4648.79962N;00950.66796E;49.5;0.1619;0.1303;0.1087;1.39;1.00
2024-08-23;12:56:52;+32;0843;2167;2422;1957;01605;4648.80022N;00950.66649E;48.8;0.1715;0.1377;0.1333;0.89;0.86
2024-08-23;13:14:16;+33;0843;2213;2473;2033;01605;4648.80000N;00950.66790E;46.9;0.1461;0.1152;0.0993;1.35;0.99
2024-08-23;13:30:16;+33;0843;2195;2453;2018;01612;4648.80046N;00950.66720E;44.9;0.1416;0.1138;0.0991;1.25;0.99
2024-08-23;13:45:21;+34;0843;2169;2428;2015;01611;4648.80083N;00950.66817E;42.9;0.1389;0.1130;0.0941;1.36;1.00
2024-08-23;13:57:50;+33;0843;2153;2423;2009;01613;4648.80105N;00950.66760E;41.1;0.1337;0.1073;0.0907;1.36;1.00
2024-08-23;14:01:03;+33;0843;2131;2406;1997;01612;4648.80100N;00950.66694E;40.7;0.1377;0.1099;0.0931;1.37;1.00
2024-08-29;07:12:54;+23;0849;1617;1980;1726;01616;4648.79236N;00950.67775E;26.1;0.1613;0.1273;0.1056;1.48;1.00
2024-08-29;07:13:08;+23;0849;1626;1984;1735;01616;4648.79244N;00950.67683E;26.1;0.1593;0.1267;0.1036;1.50;1.00
2024-08-29;07:13:22;+23;0849;1623;1987;1734;0000M;4648.79225N;00950.67808E;26.1;0.1605;0.1264;0.1041;1.52;1.00
2024-08-29;07:33:39;+23;0849;1768;2110;1817;01613;4648.79133N;00950.68079E;29.4;0.1561;0.1234;0.1011;1.52;1.00
2024-08-29;07:33:56;+23;0849;1762;2107;1812;0000M;4648.79262N;00950.67749E;29.5;0.1582;0.1244;0.1027;1.51;1.00
2024-08-29;07:34:39;+23;0849;1765;2103;1812;01613;4648.79170N;00950.67876E;29.6;0.1585;0.1261;0.1033;1.50;1.00
2024-08-29;07:48:09;+24;0849;1846;2178;1854;01629;4648.78717N;00950.68829E;31.8;0.1560;0.1226;0.1025;1.47;1.00
2024-08-29;07:48:24;+24;0849;1853;2189;1865;01629;4648.78693N;00950.68977E;31.8;0.1544;0.1202;0.0995;1.54;1.00
2024-08-29;07:48:41;+24;0849;1848;2183;1859;01628;4648.78713N;00950.68967E;31.9;0.1562;0.1219;0.1015;1.51;1.00
2024-08-29;07:59:39;+25;0849;1912;2236;1899;01627;4648.78731N;00950.68629E;33.6;0.1526;0.1194;0.0978;1.56;1.00
2024-08-29;07:59:56;+25;0849;1908;2234;1890;0000M;4648.78901N;00950.68507E;33.6;0.1541;0.1201;0.1006;1.49;0.99
2024-08-29;08:00:13;+25;0849;1918;2241;1903;0000M;4648.78910N;00950.68500E;33.7;0.1516;0.1186;0.0970;1.56;1.00
2024-08-29;08:55:31;+26;0849;2124;2417;2008;01613;4648.79119N;00950.67533E;41.6;0.1465;0.1123;0.0941;1.55;0.99
2024-08-29;08:55:44;+26;0849;2122;2417;2002;01613;4648.79123N;00950.67520E;41.7;0.1473;0.1124;0.0962;1.49;0.98
2024-08-29;08:56:01;+26;0849;2110;2406;1997;01615;4648.79139N;00950.67523E;41.7;0.1513;0.1156;0.0980;1.52;0.99
2024-08-29;09:19:16;+27;0849;2161;2442;2025;01572;4648.79026N;00950.64657E;44.6;0.1520;0.1173;0.0975;1.56;1.00
2024-08-29;09:19:36;+27;0849;2158;2438;2016;01599;4648.79221N;00950.66787E;44.7;0.1532;0.1186;0.1007;1.47;0.99
2024-08-29;09:37:49;+27;0849;2236;2509;2065;01605;4648.79239N;00950.67303E;46.7;0.1385;0.1054;0.0892;1.54;0.99
2024-08-29;09:38:46;+27;0849;2242;2509;2067;01610;4648.79266N;00950.67490E;46.8;0.1370;0.1058;0.0887;1.52;0.99
2024-08-29;09:39:07;+27;0849;2242;2508;2069;01608;4648.79209N;00950.67324E;46.8;0.1372;0.1062;0.0881;1.55;1.00
2024-08-29;09:55:40;+27;0849;2237;2503;2053;01629;4648.79172N;00950.69058E;48.4;0.1467;0.1131;0.0979;1.42;0.98
2024-08-29;09:55:56;+27;0849;2238;2502;2065;01623;4648.79257N;00950.68503E;48.4;0.1464;0.1134;0.0936;1.56;1.00
2024-08-29;09:56:07;+27;0849;2247;2513;2070;01619;4648.79235N;00950.68344E;48.5;0.1435;0.1102;0.0919;1.56;0.99
2024-08-29;10:09:54;+27;0849;2250;2512;2065;01632;4648.79576N;00950.67416E;49.6;0.1479;0.1142;0.0965;1.49;0.99
2024-08-29;10:10:14;+27;0849;2254;2520;2068;01623;4648.79513N;00950.67604E;49.6;0.1466;0.1119;0.0955;1.50;0.98
2024-08-29;10:10:29;+27;0849;2261;2532;2079;01618;4648.79500N;00950.67500E;49.6;0.1443;0.1083;0.0915;1.60;0.99
2024-08-29;10:10:44;+27;0849;2250;2513;2069;01608;4648.79402N;00950.67505E;49.7;0.1481;0.1141;0.0952;1.55;0.99
2024-08-29;11:33:54;+25;0848;2172;2449;2008;01603;4648.79516N;00950.67260E;52.1;0.1872;0.1422;0.1247;1.43;0.97
2024-08-29;11:34:09;+25;0848;2178;2452;2020;01606;4648.79436N;00950.67096E;52.1;0.1850;0.1413;0.1199;1.52;0.99
2024-08-29;11:34:35;+26;0848;2177;2450;2021;0000M;4648.79349N;00950.66700E;52.1;0.1853;0.1419;0.1195;1.54;0.99
2024-08-29;12:12:34;+27;0848;2186;2462;2033;01639;4648.78014N;00950.65600E;50.5;0.1744;0.1327;0.1108;1.59;0.99
2024-08-29;12:12:54;+27;0848;2187;2461;2037;01641;4648.78003N;00950.65586E;50.5;0.1739;0.1329;0.1092;1.63;1.00
2024-08-29;12:13:24;+28;0848;2182;2455;2027;01642;4648.78085N;00950.65672E;50.4;0.1755;0.1347;0.1129;1.55;0.99
2024-09-25;13:58:56;+24;0959;0002;0002;0002;00468;4722.64556N;00832.91518E;30.0;3.5358;3.5995;3.5064;0.03;0.08
2024-09-25;13:59:37;+25;0959;1492;1748;1430;00463;4722.64561N;00832.91232E;29.9;0.2310;0.2158;0.2231;0.13;0.28
2024-10-07;06:19:10;+22;0963;0297;0560;0636;00426;4631.59162N;00634.07956E;05.5;0.0510;0.0599;0.0611;-.--;-.--
2024-10-07;10:30:01;+21;0960;2191;2467;1999;00451;4630.89910N;00637.76225E;36.5;0.0869;0.0788;0.0857;0.06;0.03
2024-10-07;10:42:12;+24;0960;2218;2496;2015;00448;4630.89923N;00637.76239E;37.0;0.0828;0.0740;0.0828;0.01;-.--
2024-10-09;11:48:17;+24;0945;1187;1315;1032;00474;4722.76288N;00832.90852E;35.5;0.4400;0.4418;0.4674;-.--;-.--
2024-10-09;11:49:31;+24;0945;1331;1477;1153;00483;4722.76263N;00832.90516E;35.5;0.3729;0.3739;0.4026;-.--;-.--
2024-10-09;11:50:21;+24;0945;1996;2253;1801;00486;4722.76167N;00832.90203E;35.4;0.1377;0.1287;0.1437;-.--;-.--
2024-10-09;11:55:30;+24;0945;2116;2373;1920;00476;4722.76175N;00832.90498E;35.2;0.1025;0.0977;0.1058;-.--;-.--
2024-10-09;11:58:08;+24;0944;2092;2359;1915;00498;4722.75354N;00832.89613E;35.1;0.1085;0.1007;0.1069;0.06;0.05
2024-10-09;12:10:34;+24;0946;1909;2154;1740;00456;4722.64602N;00832.91966E;34.6;0.1560;0.1490;0.1586;-.--;-.--
2024-10-09;13:03:06;+24;0945;1599;1831;1491;00469;4722.64777N;00832.92231E;30.8;0.2137;0.2066;0.2148;-.--;-.--
2024-10-09;13:04:38;+24;0945;1082;1232;0989;0000M;4722.64075N;00832.89175E;30.6;0.4111;0.4072;0.4228;-.--;-.--
2024-10-09;13:07:27;+24;0945;1403;1606;1303;00468;4722.64427N;00832.90222E;30.4;0.2751;0.2692;0.2796;-.--;-.--
2024-10-09;13:08:42;+24;0945;1302;1486;1200;00468;4722.64695N;00832.90676E;30.3;0.3111;0.3069;0.3198;-.--;-.--
2024-10-09;13:11:38;+24;0945;1217;1392;1125;00469;4722.64502N;00832.90794E;30.0;0.3407;0.3361;0.3487;-.--;-.--
2024-10-09;13:56:03;+24;0944;1535;1813;1491;00461;4722.64699N;00832.91903E;25.1;0.1633;0.1563;0.1653;-.--;-.--
2024-10-09;14:32:32;+25;0941;0504;0609;0503;00493;4722.75842N;00832.91122E;20.3;0.4883;0.4869;0.4996;-.--;-.--
2024-10-09;16:08:34;+24;0940;0072;0129;0139;00475;4722.74113N;00832.90175E;05.7;0.2023;0.2125;0.2168;-.--;-.--
2024-10-11;14:55:35;+21;0964;1209;1648;1547;00463;4721.39185N;00834.42458E;16.3;0.1111;0.0912;0.0736;1.44;1.00
2024-10-11;14:56:27;+20;0964;1201;1642;1535;00468;4721.39361N;00834.42086E;16.2;0.1107;0.0907;0.0747;1.37;1.00
2024-10-14;11:25:05;+25;0965;2160;2498;2072;00493;4722.77015N;00832.90362E;34.1;0.0808;0.0625;0.0584;1.14;0.92
2024-10-21;10:54:17;+21;0973;2094;2443;2026;00473;4722.75132N;00832.90412E;31.6;0.0797;0.0635;0.0627;0.85;0.81
2024-10-21;10:54:46;+21;0973;2097;2443;2026;00492;4722.75267N;00832.90140E;31.6;0.0790;0.0636;0.0627;0.81;0.81
2024-10-21;11:13:29;+26;0973;2105;2456;2030;00490;4722.75330N;00832.90028E;31.7;0.0777;0.0613;0.0621;0.80;0.73
2024-10-21;11:13:44;+26;0973;2102;2452;2035;00488;4722.75118N;00832.89992E;31.7;0.0784;0.0621;0.0608;0.90;0.83
2024-10-21;11:17:53;+24;0973;2087;2436;2023;00487;4722.75323N;00832.90032E;31.6;0.0820;0.0654;0.0638;0.89;0.85
2024-10-21;11:31:52;+22;0973;2095;2440;2020;00479;4722.75148N;00832.90117E;31.5;0.0786;0.0637;0.0638;0.74;0.76
2024-10-21;11:35:33;+22;0973;2086;2434;2017;00483;4722.75409N;00832.90144E;31.4;0.0803;0.0646;0.0643;0.79;0.78
2024-10-21;12:15:19;+23;0972;2002;2355;1962;00493;4722.74644N;00832.90054E;29.9;0.0892;0.0732;0.0720;0.76;0.83
2024-10-21;12:16:15;+23;0972;1993;2350;1958;00497;4722.74608N;00832.90408E;29.8;0.0910;0.0740;0.0728;0.79;0.82
2024-10-21;13:23:04;+24;0972;1763;2140;1810;00485;4722.74335N;00832.90135E;24.5;0.0961;0.0817;0.0809;0.61;0.81
2024-10-21;13:23:22;+24;0972;1761;2138;1811;00483;4722.74410N;00832.90419E;24.5;0.0962;0.0819;0.0805;0.63;0.84
2024-10-21;13:23:51;+24;0972;1763;2139;1813;00490;4722.74522N;00832.90074E;24.4;0.0952;0.0813;0.0798;0.63;0.85
2024-10-21;13:24:15;+24;0972;1770;2147;1813;0000M;4722.74436N;00832.89896E;24.4;0.0932;0.0795;0.0795;0.56;0.77
2024-10-21;13:25:17;+24;0972;1749;2124;1801;00495;4722.74502N;00832.90127E;24.3;0.0969;0.0831;0.0816;0.61;0.85
2024-10-21;13:26:15;+24;0972;1748;2125;1801;00496;4722.74325N;00832.89826E;24.2;0.0961;0.0822;0.0810;0.60;0.83
2024-10-21;14:01:24;+24;0971;1661;2087;1808;00503;4722.73123N;00832.90492E;20.3;0.0700;0.0579;0.0554;0.82;0.90
2024-10-21;14:01:47;+24;0971;1655;2078;1802;0000M;4722.76204N;00832.91264E;20.2;0.0706;0.0590;0.0563;0.80;0.91
2024-10-21;14:02:16;+24;0971;1434;1806;1549;0000M;4722.75899N;00832.91248E;20.2;0.1193;0.1068;0.1080;0.35;0.69
2024-10-21;14:02:38;+24;0971;1640;2058;1788;00487;4722.75883N;00832.91269E;20.1;0.0725;0.0615;0.0583;0.77;0.93
2024-10-21;14:04:18;+24;0971;1652;2082;1804;00505;4722.75568N;00832.91984E;19.9;0.0675;0.0558;0.0540;0.79;0.88
2024-10-21;14:04:35;+24;0971;1647;2076;1801;00502;4722.75714N;00832.92034E;19.9;0.0681;0.0565;0.0543;0.80;0.89
2024-10-21;14:04:50;+24;0971;1643;2073;1798;00499;4722.75869N;00832.92070E;19.8;0.0686;0.0567;0.0547;0.80;0.89
2024-10-21;15:08:06;+22;0973;1037;1515;1436;00430;4722.72337N;00832.82328E;11.3;0.0495;0.0449;0.0431;0.49;0.96
2024-10-21;15:08:28;+22;0973;1032;1512;1434;00439;4722.72690N;00832.82629E;11.2;0.0493;0.0445;0.0428;0.50;0.95
2024-10-21;15:08:45;+22;0973;1029;1508;1434;00453;4722.73185N;00832.83200E;11.2;0.0490;0.0444;0.0424;0.51;0.97
2024-10-21;15:10:00;+22;0973;1008;1487;1418;00476;4722.75940N;00832.81615E;11.0;0.0491;0.0445;0.0426;0.50;0.97
2024-10-21;15:10:26;+22;0973;1008;1489;1425;00476;4722.75739N;00832.81320E;10.9;0.0477;0.0433;0.0410;0.54;0.98
2024-10-21;15:12:07;+22;0973;0986;1464;1410;00482;4722.75729N;00832.81473E;10.7;0.0465;0.0429;0.0403;0.50;1.00
2024-10-21;15:13:29;+22;0973;0944;1417;1363;00474;4722.75893N;00832.81191E;10.5;0.0500;0.0459;0.0443;0.43;0.96
2024-10-21;15:15:14;+22;0973;0915;1384;1345;00478;4722.75995N;00832.81560E;10.2;0.0497;0.0461;0.0437;0.46;0.99
2024-10-21;15:15:40;+22;0973;0916;1388;1348;0000M;4722.75912N;00832.81152E;10.1;0.0481;0.0446;0.0425;0.43;0.99
2024-10-21;15:17:41;+22;0973;0842;1289;1260;00479;4722.75726N;00832.81474E;09.8;0.0555;0.0525;0.0506;0.33;0.99
2024-10-21;15:18:57;+22;0973;0829;1280;1254;0000M;4722.75811N;00832.81331E;09.6;0.0535;0.0505;0.0490;0.31;0.98
2024-10-21;15:19:26;+22;0973;0822;1272;1251;00474;4722.75806N;00832.81186E;09.6;0.0531;0.0503;0.0484;0.32;0.99
2024-10-21;15:49:35;+23;0973;0317;0653;0780;0000M;4722.76004N;00832.81379E;04.9;0.0190;0.0278;0.0291;-.--;-.--
2024-10-21;15:49:56;+23;0973;0310;0641;0772;00471;4722.75889N;00832.81181E;04.9;0.0186;0.0278;0.0288;-.--;-.--
2024-10-21;50:30:.0;+23;0973;0305;0636;0769;0000M;4722.75810N;00832.81192E;00.0;0.0000;0.0000;0.0000;-.--;-.--
2024-10-21;15:51:07;+22;0973;0296;0625;0761;00469;4722.75826N;00832.81169E;04.7;0.0145;0.0244;0.0260;-.--;-.--
2024-11-02;07:58:35;+17;0860;1614;2052;1807;01510;4610.32313N;00718.48802E;14.7;0.0311;0.0290;0.0288;0.28;0.84
2024-11-02;07:59:51;+18;0860;1628;2068;1814;01516;4610.32173N;00718.48869E;14.8;0.0311;0.0284;0.0288;0.27;0.64
2024-11-02;08:01:00;+18;0860;1651;2097;1836;01511;4610.32222N;00718.48815E;15.0;0.0294;0.0261;0.0267;0.34;0.62
2024-11-02;08:02:35;+19;0860;1679;2117;1858;01499;4610.31900N;00718.49019E;15.2;0.0276;0.0254;0.0248;0.37;0.91
2024-11-02;08:04:08;+19;0860;1684;2124;1860;01496;4610.31848N;00718.49096E;15.4;0.0292;0.0261;0.0258;0.45;0.85
2024-11-02;08:05:25;+20;0860;1692;2133;1861;01494;4610.32089N;00718.48889E;15.5;0.0300;0.0263;0.0266;0.43;0.72
2024-11-02;08:06:50;+20;0860;1714;2154;1880;01493;4610.32043N;00718.48990E;15.7;0.0287;0.0252;0.0249;0.50;0.82
2024-11-02;08:10:12;+21;0860;1721;2146;1873;01483;4610.31764N;00718.48805E;16.2;0.0327;0.0296;0.0284;0.49;0.95
2024-11-02;08:11:42;+21;0860;1753;2181;1902;01492;4610.32104N;00718.48971E;16.3;0.0298;0.0265;0.0252;0.58;0.96
2024-11-02;08:13:43;+21;0860;1782;2213;1924;01485;4610.32067N;00718.48889E;16.6;0.0280;0.0243;0.0233;0.64;0.92
2024-11-02;08:15:33;+22;0860;1774;2197;1912;01496;4610.32105N;00718.49051E;16.8;0.0318;0.0281;0.0263;0.67;0.97
2024-11-02;08:18:20;+22;0860;1821;2247;1943;01489;4610.31964N;00718.48900E;17.2;0.0280;0.0240;0.0235;0.63;0.86
2024-11-02;08:19:58;+22;0860;1826;2251;1944;0000M;4610.31843N;00718.49056E;17.4;0.0294;0.0249;0.0244;0.66;0.86
2024-11-02;08:20:44;+22;0860;1817;2232;1927;01489;4610.32035N;00718.48963E;17.5;0.0319;0.0281;0.0275;0.52;0.88
2024-11-02;08:22:58;+23;0860;1851;2271;1958;01502;4610.32394N;00718.48989E;17.7;0.0292;0.0248;0.0240;0.68;0.88
2024-11-02;08:24:17;+23;0860;1858;2273;1958;01491;4610.32043N;00718.48802E;17.9;0.0297;0.0256;0.0248;0.63;0.89
2024-11-02;08:25:59;+23;0860;1871;2286;1965;01488;4610.32058N;00718.48815E;18.1;0.0296;0.0253;0.0248;0.64;0.85
2024-11-02;08:27:18;+23;0860;1875;2289;1967;01485;4610.31962N;00718.48863E;18.2;0.0306;0.0259;0.0252;0.68;0.87
2024-11-02;08:31:03;+23;0860;1911;2316;1987;01496;4610.32007N;00718.49113E;18.7;0.0290;0.0251;0.0241;0.65;0.92
2024-11-02;08:33:07;+23;0860;1926;2329;1997;01488;4610.32232N;00718.48980E;18.9;0.0289;0.0249;0.0237;0.70;0.94
2024-11-02;08:34:15;+23;0860;1925;2335;1995;01487;4610.32086N;00718.48918E;19.0;0.0303;0.0249;0.0246;0.74;0.82
2024-11-02;08:37:10;+24;0860;1945;2348;2007;01484;4610.32047N;00718.48904E;19.4;0.0302;0.0252;0.0242;0.78;0.90
2024-11-02;08:39:00;+24;0860;1952;2353;2009;01487;4610.31919N;00718.49210E;19.6;0.0310;0.0258;0.0248;0.79;0.90
2024-11-02;08:44:54;+24;0860;1984;2380;2018;0000M;4610.31638N;00718.49079E;20.2;0.0316;0.0259;0.0262;0.66;0.74
2024-11-02;08:48:44;+23;0860;1991;2374;2014;0000M;4610.32166N;00718.49184E;20.6;0.0342;0.0293;0.0287;0.61;0.86
2024-11-02;08:50:57;+22;0860;1964;2341;1981;0000M;4610.31403N;00718.48350E;20.9;0.0412;0.0358;0.0357;0.51;0.79
2024-11-02;09:03:46;+22;0860;2075;2449;2068;01448;4610.31343N;00718.48040E;22.2;0.0327;0.0270;0.0256;0.85;0.91
2024-11-02;09:05:42;+21;0860;2072;2439;2058;01475;4610.32515N;00718.48635E;22.4;0.0348;0.0296;0.0282;0.74;0.92
2024-11-02;09:33:14;+21;0860;2191;2549;2120;01505;4610.31596N;00718.47708E;24.8;0.0317;0.0246;0.0256;0.76;0.63
2024-11-02;09:33:30;+21;0860;2185;2538;2117;01511;4610.31288N;00718.48263E;24.8;0.0330;0.0265;0.0263;0.81;0.79
2024-11-02;09:34:08;+21;0860;2180;2533;2110;01514;4610.31220N;00718.48056E;24.8;0.0344;0.0275;0.0279;0.74;0.73
2024-11-02;09:34:41;+21;0860;2180;2536;2112;01508;4610.31695N;00718.48801E;24.9;0.0347;0.0273;0.0276;0.81;0.73
2024-11-02;09:39:03;+21;0860;2192;2547;2118;01495;4610.31786N;00718.49050E;25.2;0.0349;0.0270;0.0276;0.83;0.70
2024-11-02;09:48:38;+22;0860;2226;2574;2137;0000M;4610.31808N;00718.49114E;25.9;0.0332;0.0257;0.0262;0.84;0.72
2024-11-02;09:59:53;+22;0860;2241;2579;2141;01485;4610.32302N;00718.48334E;26.6;0.0353;0.0282;0.0278;0.85;0.81
2024-11-02;10:12:34;+22;0860;2270;2606;2158;01508;4610.31574N;00718.49133E;27.3;0.0342;0.0265;0.0265;0.91;0.78
2024-11-02;10:12:50;+22;0859;2268;2610;2151;01508;4610.31812N;00718.49361E;27.3;0.0349;0.0260;0.0281;0.78;0.54
2024-11-02;10:20:02;+22;0860;2277;2618;2160;01479;4610.32815N;00718.48496E;27.7;0.0352;0.0259;0.0272;0.92;0.65
2024-11-02;10:23:25;+22;0859;2296;2634;2173;01504;4610.32735N;00718.47790E;27.8;0.0324;0.0238;0.0249;0.94;0.65
2024-11-02;10:28:02;+22;0859;2287;2621;2161;01505;4610.42678N;00718.45703E;28.0;0.0355;0.0269;0.0280;0.84;0.65
2024-11-02;10:40:50;+23;0860;2220;2532;2087;01497;4610.56614N;00718.54869E;28.4;0.0521;0.0450;0.0459;0.46;0.66
2024-11-02;10:56:11;+20;0859;2207;2515;2056;01504;4610.18197N;00718.48988E;28.7;0.0575;0.0499;0.0543;0.21;0.17
2024-11-02;10:56:38;+20;0859;2228;2541;2086;01503;4610.18232N;00718.48985E;28.7;0.0530;0.0450;0.0474;0.40;0.47
2024-11-02;11:06:30;+18;0858;2213;2519;2068;01506;4610.00237N;00718.66176E;28.8;0.0571;0.0498;0.0520;0.34;0.47
2024-11-02;11:11:33;+18;0856;1344;1543;1270;01543;4609.90942N;00718.69034E;28.9;0.2983;0.2866;0.2875;0.13;0.71
2024-11-02;11:16:04;+18;0856;2226;2537;2080;01538;4609.83904N;00718.68928E;28.9;0.0548;0.0467;0.0494;0.37;0.43
2024-11-02;11:16:39;+18;0856;2234;2550;2080;01530;4609.83293N;00718.69007E;28.9;0.0531;0.0442;0.0494;0.27;0.17
2024-11-02;11:39:59;+17;0858;2141;2441;2004;01515;4610.27560N;00718.46712E;28.6;0.0710;0.0635;0.0660;0.26;0.44
2024-11-02;11:42:42;+17;0859;1800;2051;1671;01509;4610.31518N;00718.48223E;28.5;0.1531;0.1461;0.1524;0.02;0.01
2024-11-02;12:11:07;+20;0859;2262;2597;2145;01517;4610.31565N;00718.49044E;27.5;0.0373;0.0290;0.0299;0.78;0.68
2024-11-02;12:11:47;+20;0859;2266;2600;2145;0000M;4610.31590N;00718.48952E;27.5;0.0362;0.0284;0.0298;0.70;0.60
2024-11-03;09:51:54;+19;0863;2026;2338;1925;01523;4610.32223N;00718.48885E;25.8;0.0732;0.0671;0.0714;0.10;0.09
2024-11-27;13:19:46;+20;0859;1397;1861;1695;00461;4722.57197N;00832.81988E;15.6;0.0819;0.0663;0.0517;1.61;0.99
2024-11-27;13:20:35;+21;0970;1418;1884;1716;00460;4722.57233N;00832.82075E;15.6;0.0555;0.0506;0.0409;1.06;0.94
2024-11-27;13:21:09;+20;0970;1404;1871;1700;00460;4722.57245N;00832.82181E;15.5;0.0574;0.0519;0.0431;1.00;0.96
2024-11-27;13:21:47;+20;0970;1400;1866;1697;00455;4722.57306N;00832.82184E;15.5;0.0573;0.0520;0.0431;0.99;0.96
2024-11-27;13:22:03;+20;0970;1410;1883;1714;00453;4722.57302N;00832.82197E;15.4;0.0551;0.0494;0.0403;1.08;0.96
2024-11-27;13:22:23;+20;0970;1404;1872;1699;0000M;4722.57283N;00832.82192E;15.4;0.0557;0.0506;0.0424;0.95;0.96
2024-11-27;13:22:43;+20;0970;1393;1858;1690;00449;4722.57257N;00832.82188E;15.4;0.0574;0.0523;0.0436;0.95;0.96
2024-11-27;13:23:15;+20;0970;1402;1869;1702;00447;4722.57228N;00832.82163E;15.3;0.0549;0.0503;0.0414;0.98;0.95
2024-11-27;13:23:41;+20;0970;1397;1863;1688;00447;4722.57237N;00832.82151E;15.3;0.0553;0.0507;0.0433;0.85;0.96
2024-11-27;13:23:59;+19;0970;1391;1853;1691;00446;4722.57229N;00832.82139E;15.3;0.0560;0.0518;0.0426;0.95;0.93
2024-11-27;13:24:31;+19;0970;1399;1866;1705;00445;4722.57209N;00832.82087E;15.2;0.0538;0.0495;0.0401;1.02;0.93
2024-11-27;13:25:24;+19;0970;1395;1863;1705;00443;4722.57247N;00832.82149E;15.1;0.0533;0.0491;0.0395;1.04;0.92
2024-11-27;13:26:59;+19;0970;1390;1863;1701;00441;4722.57297N;00832.82238E;15.0;0.0520;0.0476;0.0391;1.00;0.94
2024-11-27;13:28:04;+19;0970;1386;1864;1700;00440;4722.57304N;00832.82325E;14.9;0.0512;0.0464;0.0385;1.00;0.96
2024-11-27;13:29:24;+19;0970;1381;1859;1698;00441;4722.57263N;00832.82185E;14.8;0.0502;0.0458;0.0379;0.98;0.95
2024-11-27;13:29:43;+19;0970;1382;1857;1699;00440;4722.57244N;00832.82179E;14.7;0.0496;0.0457;0.0375;0.97;0.93
2024-11-27;13:30:14;+19;0970;1374;1846;1692;00439;4722.57304N;00832.82288E;14.7;0.0503;0.0467;0.0382;0.96;0.92
2024-11-27;13:30:52;+19;0970;1376;1850;1696;00439;4722.57290N;00832.82200E;14.6;0.0490;0.0456;0.0371;0.96;0.92
2024-11-27;13:31:23;+19;0970;1368;1842;1690;00440;4722.57358N;00832.82210E;14.6;0.0497;0.0461;0.0377;0.96;0.92
2024-11-27;13:31:48;+19;0970;1369;1845;1694;00439;4722.57382N;00832.82248E;14.6;0.0489;0.0453;0.0368;0.99;0.92
2024-11-27;13:32:20;+18;0970;1341;1810;1654;00439;4722.57377N;00832.82242E;14.5;0.0533;0.0496;0.0424;0.80;0.95
2024-11-27;13:32:50;+18;0970;1353;1827;1681;00440;4722.57377N;00832.82267E;14.5;0.0503;0.0467;0.0380;0.98;0.92
2024-11-27;13:33:57;+18;0970;1350;1832;1679;00438;4722.57417N;00832.82305E;14.4;0.0492;0.0449;0.0375;0.95;0.96
2024-11-27;13:34:44;+18;0970;1332;1811;1652;00438;4722.57431N;00832.82302E;14.3;0.0513;0.0469;0.0409;0.79;0.98
2024-11-27;13:35:19;+18;0970;1339;1809;1674;00438;4722.57424N;00832.82334E;14.2;0.0491;0.0466;0.0372;0.96;0.87
2024-11-27;13:37:34;+18;0970;1316;1792;1653;00442;4722.57416N;00832.82207E;14.0;0.0498;0.0465;0.0386;0.89;0.92
2024-11-27;13:37:57;+18;0970;1323;1806;1664;00442;4722.57391N;00832.82232E;14.0;0.0479;0.0442;0.0367;0.93;0.94
2024-11-27;13:38:14;+18;0970;1318;1795;1660;00441;4722.57400N;00832.82265E;13.9;0.0484;0.0454;0.0370;0.93;0.90
2024-11-27;13:39:10;+18;0970;1307;1786;1654;00439;4722.57389N;00832.82299E;13.9;0.0489;0.0455;0.0372;0.95;0.91
2024-11-27;13:39:45;+18;0970;1301;1785;1651;00438;4722.57331N;00832.82311E;13.8;0.0490;0.0450;0.0372;0.96;0.94
2024-11-27;13:43:18;+18;0970;1283;1764;1640;00438;4722.57439N;00832.82466E;13.4;0.0464;0.0438;0.0359;0.89;0.89
2024-11-27;13:45:46;+18;0970;1255;1734;1613;00437;4722.57440N;00832.82522E;13.2;0.0473;0.0449;0.0377;0.78;0.90
