CALITOO #2205-0427
------------------------------------------
CN0_465=3521;RAY_465=0.19490
CN0_540=3595;RAY_540=0.10637;OZ_540=0.0128
CN0_619=2690;RAY_619=0.06281;OZ_619=0.0154
----------------------------------------------------------------------
Date;Time;Temperature;Pression;RAW465;RAW540;RAW619;Altitude;Latitude;Longitude;Elevation;AOT465;AOT540;AOT619;Alpha;R²
2024-06-04;08:27:17;+23;0841;2594;2773;2204;01567;4648.80426N;00950.64183E;48.2;0.0502;0.0363;0.0432;0.55;0.23
2024-06-04;08:27:30;+23;0841;2566;2724;2180;01568;4648.80390N;00950.64164E;48.3;0.0584;0.0497;0.0515;0.45;0.58
2024-06-04;08:27:41;+23;0841;2632;2742;2220;01567;4648.80456N;00950.63991E;48.3;0.0395;0.0448;0.0379;0.13;0.04
2024-06-04;09:01:07;+23;0841;2623;2806;2224;01621;4648.79615N;00950.67731E;53.5;0.0576;0.0374;0.0445;0.93;0.38
2024-06-04;09:01:37;+23;0841;2593;2746;2207;0000M;4648.79483N;00950.67820E;53.6;0.0671;0.0549;0.0508;0.98;0.95
2024-06-04;09:36:21;+25;0841;2676;2797;2241;01603;4648.79308N;00950.67733E;58.4;0.0537;0.0484;0.0447;0.64;1.00
2024-06-04;09:36:56;+25;0841;2603;2785;2246;01610;4648.79309N;00950.67767E;58.5;0.0774;0.0522;0.0429;2.07;0.97
2024-06-04;09:37:12;+25;0841;2669;2801;2249;01612;4648.79266N;00950.67877E;58.5;0.0562;0.0474;0.0418;1.03;1.00
2024-06-14;11:58:05;+22;0843;1821;1929;1569;01597;4648.79136N;00950.66164E;65.2;0.4147;0.3931;0.3734;0.37;1.00
2024-06-18;06:32:50;+23;0845;1866;2077;1712;0000M;4648.80063N;00950.67063E;29.1;0.1345;0.1273;0.1260;0.23;0.88
2024-06-18;06:33:22;+23;0845;1792;2000;1681;01614;4648.80067N;00950.67079E;29.2;0.1551;0.1464;0.1354;0.47;0.99
2024-06-18;06:33:42;+23;0845;1843;2060;1723;01613;4648.80069N;00950.67045E;29.3;0.1420;0.1324;0.1237;0.48;1.00
2024-06-18;06:34:09;+23;0845;1875;2063;1735;01612;4648.80078N;00950.67013E;29.3;0.1343;0.1322;0.1208;0.37;0.84
2024-06-18;07:04:08;+29;0845;2205;2515;2071;01616;4648.80075N;00950.66923E;34.5;0.0886;0.0564;0.0499;2.02;0.92
2024-06-18;07:04:22;+29;0845;2204;2503;2064;01617;4648.80039N;00950.66927E;34.5;0.0891;0.0593;0.0519;1.90;0.93
2024-06-18;07:05:14;+29;0845;2286;2480;2059;01618;4648.80002N;00950.66917E;34.7;0.0693;0.0651;0.0538;0.88;0.91
2024-06-18;07:32:59;+35;0845;2213;2569;2118;01615;4648.80146N;00950.67000E;39.4;0.1168;0.0621;0.0499;2.99;0.94
2024-06-18;07:33:16;+35;0845;2231;2551;2111;01615;4648.80067N;00950.67081E;39.5;0.1120;0.0667;0.0522;2.68;0.97
2024-06-18;08:04:57;+33;0845;2186;2479;2017;01620;4648.80112N;00950.66917E;44.8;0.1562;0.1052;0.0973;1.67;0.89
2024-06-18;08:05:13;+33;0845;2164;2468;2026;01618;4648.80097N;00950.66920E;44.8;0.1636;0.1085;0.0943;1.94;0.94
2024-06-18;08:05:58;+32;0845;2207;2491;2033;01616;4648.80096N;00950.66990E;45.0;0.1504;0.1024;0.0922;1.72;0.92
2024-06-18;08:36:41;+33;0844;2060;2270;1859;01616;4648.80126N;00950.66996E;50.0;0.2296;0.1907;0.1742;0.97;0.97
2024-06-18;08:37:20;+33;0844;2015;2282;1843;01611;4648.80014N;00950.66944E;50.1;0.2471;0.1871;0.1812;1.10;0.85
2024-06-18;09:36:30;+35;0844;2196;2434;1958;01618;4648.80101N;00950.66879E;58.8;0.2208;0.1653;0.1582;1.18;0.87
2024-06-18;09:37:14;+35;0844;2176;2397;1969;01616;4648.80094N;00950.66883E;58.9;0.2290;0.1787;0.1536;1.40;0.99
2024-06-18;09:37:35;+35;0844;2178;2368;1926;01617;4648.80113N;00950.66897E;59.0;0.2284;0.1892;0.1726;0.98;0.97
2024-06-18;10:37:57;+40;0844;2315;2607;2114;01616;4648.80166N;00950.66880E;65.2;0.1962;0.1192;0.1023;2.29;0.93
2024-06-18;10:38:26;+40;0844;2321;2597;2117;01613;4648.80259N;00950.66896E;65.2;0.1940;0.1227;0.1011;2.29;0.96
2024-06-18;10:38:52;+40;0844;2375;2628;2114;01612;4648.80268N;00950.66877E;65.2;0.1732;0.1120;0.1024;1.85;0.89
2024-06-18;11:05:13;+40;0844;2298;2540;2066;01617;4648.80153N;00950.66965E;66.4;0.2065;0.1452;0.1250;1.76;0.96
2024-06-18;11:05:49;+40;0844;2323;2579;2091;01616;4648.80184N;00950.66956E;66.5;0.1966;0.1313;0.1140;1.92;0.94
2024-06-19;07:09:38;+24;0843;1627;1864;1504;01616;4648.80098N;00950.66780E;35.4;0.2708;0.2337;0.2379;0.46;0.67
2024-06-19;07:09:51;+24;0843;1677;1833;1498;01615;4648.80107N;00950.66770E;35.4;0.2537;0.2437;0.2405;0.19;0.93
2024-06-19;07:10:08;+25;0843;1654;1817;1493;0000M;4648.80102N;00950.66744E;35.5;0.2622;0.2492;0.2428;0.27;0.97
2024-06-19;07:34:56;+32;0843;1713;1930;1564;01618;4648.80084N;00950.66938E;39.7;0.2826;0.2460;0.2445;0.51;0.80
2024-06-19;07:35:12;+32;0843;1742;1940;1571;01617;4648.80102N;00950.66874E;39.8;0.2723;0.2430;0.2419;0.42;0.80
2024-06-19;07:35:34;+32;0843;1708;1940;1578;0000M;4648.80108N;00950.66795E;39.8;0.2855;0.2435;0.2395;0.62;0.84
2024-06-19;08:04:35;+34;0843;1860;2087;1687;01615;4648.80026N;00950.66794E;44.7;0.2696;0.2261;0.2228;0.68;0.83
2024-06-19;08:05:17;+34;0843;1838;2065;1668;01617;4648.80104N;00950.66854E;44.8;0.2789;0.2342;0.2314;0.66;0.82
2024-06-19;08:05:53;+33;0843;1858;2075;1685;01617;4648.80124N;00950.66877E;44.9;0.2720;0.2314;0.2247;0.67;0.88
2024-06-19;08:36:37;+34;0843;1965;2201;1771;01610;4648.79955N;00950.66891E;49.9;0.2656;0.2142;0.2112;0.81;0.82
2024-06-19;08:36:53;+34;0843;1971;2172;1767;01611;4648.79993N;00950.66854E;50.0;0.2636;0.2246;0.2131;0.75;0.94
2024-06-19;08:37:11;+34;0843;1977;2201;1792;01612;4648.79997N;00950.66817E;50.0;0.2615;0.2146;0.2025;0.90;0.92
2024-06-19;09:29:36;+36;0843;2158;2407;1930;01621;4648.80158N;00950.66759E;57.9;0.2318;0.1720;0.1680;1.14;0.83
2024-06-19;09:29:54;+36;0843;2195;2394;1923;0000M;4648.80119N;00950.66858E;57.9;0.2176;0.1767;0.1712;0.85;0.87
2024-06-19;09:30:21;+36;0843;2175;2404;1931;01620;4648.80092N;00950.66891E;58.0;0.2256;0.1734;0.1678;1.05;0.85
2024-06-19;10:03:17;+38;0843;2343;2486;2010;01611;4648.80274N;00950.66947E;62.1;0.1761;0.1553;0.1423;0.75;0.99
2024-06-19;10:03:36;+38;0843;2256;2458;2000;01610;4648.80235N;00950.66921E;62.1;0.2097;0.1654;0.1468;1.25;0.97
2024-06-19;10:03:51;+38;0843;2282;2446;1992;01610;4648.80189N;00950.66875E;62.1;0.1996;0.1698;0.1504;0.99;1.00
2024-06-19;10:34:31;+38;0844;2412;2604;2084;01623;4648.80117N;00950.66829E;64.9;0.1582;0.1197;0.1148;1.13;0.86
2024-06-19;10:34:55;+38;0844;2357;2548;2058;01619;4648.80171N;00950.66979E;65.0;0.1792;0.1394;0.1262;1.23;0.95
2024-06-19;10:35:21;+38;0844;2329;2537;2070;01616;4648.80178N;00950.66972E;65.0;0.1901;0.1434;0.1210;1.58;0.99
2024-06-19;11:04:48;+40;0844;2349;2551;2062;01618;4648.80338N;00950.67121E;66.4;0.1863;0.1411;0.1267;1.36;0.95
2024-06-19;11:05:01;+40;0844;2292;2537;2042;01616;4648.80322N;00950.67104E;66.4;0.2088;0.1462;0.1356;1.52;0.89
2024-06-19;11:05:18;+40;0844;2279;2536;2041;01615;4648.80311N;00950.67070E;66.4;0.2140;0.1466;0.1361;1.60;0.89
2024-06-19;12:09:25;+34;0844;0001;0001;0001;01617;4648.79999N;00950.67177E;64.5;3.4464;3.4464;3.4464;-.--;-.--
2024-06-19;13:59:47;+28;0844;2084;2186;1788;01610;4648.79999N;00950.66733E;50.3;0.2223;0.2210;0.2052;0.28;0.79
2024-06-19;14:14:39;+25;0844;1998;2156;1733;01618;4648.79877N;00950.66754E;47.9;0.2399;0.2197;0.2186;0.33;0.81
2024-06-19;14:28:59;+25;0844;1959;2164;1731;01623;4648.79980N;00950.66954E;45.5;0.2387;0.2049;0.2086;0.48;0.68
2024-06-19;14:46:48;+24;0844;1856;2039;1645;01619;4648.80061N;00950.66951E;42.6;0.2542;0.2291;0.2286;0.38;0.79
2024-06-19;14:57:15;+25;0844;1497;1626;1302;01619;4648.79984N;00950.66981E;40.8;0.3805;0.3657;0.3713;0.09;0.40
2024-07-05;07:01:55;+23;0843;2348;2571;2107;01608;4648.79461N;00950.67619E;33.1;0.0452;0.0385;0.0359;0.81;0.96
2024-07-05;07:02:11;+23;0843;2369;2563;2114;01603;4648.79459N;00950.67802E;33.1;0.0406;0.0403;0.0342;0.59;0.76
2024-07-05;07:02:27;+23;0843;2323;2548;2107;01602;4648.79468N;00950.67863E;33.2;0.0516;0.0437;0.0362;1.24;1.00
2024-07-05;07:45:18;+26;0843;2451;2746;2181;01590;4648.78967N;00950.68456E;40.5;0.0567;0.0222;0.0331;1.95;0.35
2024-07-05;07:45:47;+27;0843;2444;2671;2169;01598;4648.79200N;00950.67905E;40.6;0.0589;0.0404;0.0369;1.65;0.90
2024-07-05;07:45:55;+27;0843;2404;2673;2171;01598;4648.79220N;00950.67914E;40.6;0.0697;0.0400;0.0363;2.30;0.87
2024-07-05;07:46:04;+27;0843;2445;2654;2175;01599;4648.79231N;00950.67921E;40.6;0.0588;0.0447;0.0352;1.80;1.00
2024-07-05;08:04:58;+26;0843;2404;2696;2172;01614;4648.79299N;00950.67245E;43.8;0.0845;0.0430;0.0426;2.42;0.78
2024-07-05;08:05:10;+26;0843;2384;2610;2103;01613;4648.79295N;00950.67315E;43.8;0.0904;0.0656;0.0651;1.17;0.79
2024-07-05;08:37:41;+27;0843;2536;2780;2238;01612;4648.79298N;00950.67969E;49.1;0.0670;0.0332;0.0302;2.81;0.86
2024-07-05;08:37:54;+27;0843;2526;2752;2221;01612;4648.79285N;00950.68036E;49.2;0.0701;0.0410;0.0361;2.34;0.90
2024-07-05;08:38:06;+27;0843;2619;2700;2214;01614;4648.79256N;00950.68090E;49.2;0.0428;0.0555;0.0385;0.34;0.07
2024-07-05;09:06:46;+28;0843;2604;2798;2248;01598;4648.79164N;00950.67816E;53.6;0.0605;0.0367;0.0330;2.14;0.89
2024-07-05;09:06:57;+28;0843;2560;2815;2265;01600;4648.79202N;00950.67793E;53.6;0.0743;0.0319;0.0270;3.58;0.89
2024-07-05;09:07:10;+28;0843;2529;2741;2220;0000M;4648.79271N;00950.67626E;53.7;0.0842;0.0534;0.0432;2.35;0.97
2024-07-05;09:07:26;+28;0843;2530;2750;2227;01605;4648.79326N;00950.67856E;53.7;0.0840;0.0509;0.0407;2.55;0.96
2024-07-05;09:29:33;+26;0843;2690;2818;2264;01606;4648.79292N;00950.66962E;56.9;0.0423;0.0364;0.0311;1.07;1.00
2024-07-05;09:29:54;+26;0843;2526;2824;2271;01604;4648.79358N;00950.66809E;56.9;0.0951;0.0346;0.0286;4.24;0.88
2024-07-05;09:30:08;+26;0843;2605;2761;2227;01600;4648.79392N;00950.66513E;57.0;0.0694;0.0536;0.0450;1.51;0.99
2024-07-09;07:35:58;+22;0847;2321;2550;2089;01609;4648.79150N;00950.68179E;38.5;0.0810;0.0629;0.0557;1.31;0.97
2024-07-09;07:36:08;+22;0847;2338;2520;2062;01608;4648.79217N;00950.68042E;38.5;0.0766;0.0704;0.0639;0.63;1.00
2024-07-09;07:36:20;+22;0847;2331;2467;2066;01609;4648.79313N;00950.67776E;38.6;0.0786;0.0838;0.0628;0.77;0.52
2024-07-09;08:03:52;+23;0846;2350;2519;2095;01611;4648.79246N;00950.68419E;43.2;0.0969;0.0878;0.0661;1.33;0.91
2024-07-09;08:04:10;+24;0846;2312;2568;2100;01611;4648.79354N;00950.68069E;43.2;0.1084;0.0748;0.0646;1.82;0.95
2024-07-09;08:04:21;+24;0846;2413;2546;2098;01611;4648.79343N;00950.68077E;43.3;0.0792;0.0808;0.0653;0.66;0.65
2024-07-09;08:04:38;+24;0846;2282;2588;2111;01609;4648.79377N;00950.67751E;43.3;0.1177;0.0697;0.0612;2.30;0.91
2024-07-09;09:01:.0;+23;0846;2525;2706;2180;01615;4648.79285N;00950.68076E;52.9;0.0826;0.0620;0.0566;1.33;0.93
2024-07-09;10:09:09;+23;0846;2468;2705;2164;01614;4648.79320N;00950.67502E;61.3;0.1270;0.0786;0.0754;1.85;0.83
2024-07-10;07:13:56;+23;0847;2026;2319;1943;01601;4648.79395N;00950.67830E;34.6;0.1370;0.1026;0.0862;1.63;0.99
2024-07-10;07:14:09;+23;0847;2079;2296;1944;01610;4648.79341N;00950.67254E;34.7;0.1226;0.1084;0.0860;1.23;0.96
2024-07-10;07:14:24;+23;0847;2086;2256;1938;01611;4648.79376N;00950.67166E;34.7;0.1210;0.1187;0.0879;1.10;0.77
2024-07-10;07:39:49;+26;0847;2122;2415;1978;01619;4648.80087N;00950.64927E;39.0;0.1404;0.0992;0.0916;1.50;0.90
2024-07-10;07:40:01;+26;0847;2107;2405;2002;01618;4648.80034N;00950.65065E;39.1;0.1451;0.1019;0.0841;1.91;0.98
2024-07-10;07:40:15;+26;0847;2130;2392;1985;01618;4648.80057N;00950.65059E;39.1;0.1385;0.1055;0.0896;1.52;0.99
2024-07-10;07:40:29;+26;0847;2114;2402;2006;01619;4648.79976N;00950.65376E;39.1;0.1435;0.1031;0.0831;1.91;0.99
2024-07-10;08:39:40;+24;0847;2351;2516;2065;01612;4648.79280N;00950.67432E;48.9;0.1228;0.1078;0.0905;1.06;0.99
2024-07-10;08:39:52;+25;0847;2262;2533;2080;01611;4648.79193N;00950.67514E;48.9;0.1520;0.1028;0.0852;2.03;0.97
2024-07-10;08:40:07;+25;0846;2327;2487;2069;01609;4648.79239N;00950.67614E;49.0;0.1310;0.1169;0.0893;1.33;0.94
2024-07-10;09:10:22;+28;0846;2258;2555;2103;01597;4648.79623N;00950.66641E;53.6;0.1749;0.1098;0.0867;2.46;0.97
2024-07-10;09:10:40;+29;0846;2245;2503;2081;01598;4648.79607N;00950.66613E;53.6;0.1797;0.1265;0.0953;2.22;1.00
2024-07-10;09:10:59;+29;0846;2248;2582;2101;01601;4648.79545N;00950.66755E;53.7;0.1788;0.1016;0.0876;2.51;0.91
2024-07-11;07:09:08;+23;0847;2043;2295;1922;01602;4648.79403N;00950.67546E;33.7;0.1253;0.1036;0.0886;1.21;1.00
2024-07-11;07:09:19;+23;0847;1976;2296;1937;01606;4648.79304N;00950.67781E;33.7;0.1441;0.1035;0.0844;1.87;0.99
2024-07-11;07:09:28;+23;0847;2015;2276;1933;01604;4648.79280N;00950.67797E;33.8;0.1334;0.1085;0.0856;1.55;1.00
2024-07-11;07:31:41;+25;0847;2176;2397;1985;01602;4648.79038N;00950.68544E;37.5;0.1153;0.0973;0.0843;1.09;1.00
2024-07-11;07:32:02;+25;0847;2155;2393;1989;01601;4648.79169N;00950.68067E;37.6;0.1216;0.0986;0.0833;1.32;1.00
2024-07-11;07:32:19;+25;0847;2145;2405;1988;0000M;4648.79097N;00950.68250E;37.7;0.1247;0.0957;0.0838;1.40;0.97
2024-07-11;07:32:31;+25;0847;2160;2424;2004;01600;4648.79097N;00950.68204E;37.7;0.1207;0.0911;0.0790;1.49;0.97
2024-07-11;07:55:50;+25;0847;2155;2459;2029;01605;4648.78739N;00950.69037E;41.6;0.1468;0.0982;0.0835;1.98;0.96
2024-07-11;07:56:09;+25;0846;2217;2480;2023;01606;4648.78907N;00950.68543E;41.7;0.1284;0.0929;0.0857;1.43;0.91
2024-07-11;07:56:23;+25;0846;2189;2464;2039;01606;4648.79079N;00950.68086E;41.7;0.1371;0.0973;0.0805;1.87;0.98
2024-07-11;08:13:26;+26;0846;2230;2458;2041;0000M;4648.79229N;00950.67981E;44.5;0.1403;0.1098;0.0879;1.64;1.00
2024-07-11;08:13:45;+26;0846;2231;2436;2046;01611;4648.79321N;00950.67582E;44.6;0.1403;0.1163;0.0863;1.69;0.98
2024-07-11;08:14:03;+26;0846;2250;2445;2047;01610;4648.79457N;00950.67249E;44.6;0.1346;0.1139;0.0861;1.55;0.97
2024-07-11;08:14:23;+26;0846;2249;2484;2048;01610;4648.79390N;00950.67462E;44.7;0.1352;0.1030;0.0859;1.59;0.99
2024-07-11;08:39:58;+26;0846;2254;2529;2080;01577;4648.78608N;00950.67703E;48.8;0.1544;0.1039;0.0850;2.09;0.97
2024-07-11;08:40:17;+26;0846;2197;2524;2065;01568;4648.78500N;00950.67189E;48.9;0.1740;0.1055;0.0906;2.30;0.93
2024-07-11;08:40:31;+26;0846;2239;2483;2055;01542;4648.78186N;00950.65954E;48.9;0.1599;0.1180;0.0944;1.85;1.00
2024-07-11;08:54:40;+27;0846;2290;2454;2062;01606;4648.79791N;00950.67168E;51.1;0.1529;0.1343;0.0970;1.58;0.93
2024-07-11;08:54:58;+27;0846;2300;2447;2049;01611;4648.79613N;00950.67379E;51.2;0.1497;0.1367;0.1021;1.33;0.90
2024-07-11;08:57:12;+28;0846;2287;2490;2063;01609;4648.79210N;00950.67571E;51.5;0.1557;0.1242;0.0975;1.63;1.00
2024-07-11;08:57:33;+28;0846;2207;2549;2074;01605;4648.79264N;00950.67420E;51.6;0.1838;0.1060;0.0935;2.38;0.90
2024-07-11;09:14:16;+28;0846;2386;2513;2085;01595;4648.79316N;00950.66567E;54.0;0.1322;0.1245;0.0946;1.16;0.86
2024-07-11;09:14:39;+28;0846;2299;2565;2100;0000M;4648.79458N;00950.65862E;54.1;0.1625;0.1080;0.0889;2.12;0.97
2024-07-11;09:15:01;+28;0846;2361;2521;2080;01591;4648.79554N;00950.65676E;54.2;0.1412;0.1222;0.0968;1.31;0.97
2024-07-11;09:30:59;+27;0846;2350;2587;2094;01607;4648.79148N;00950.67486E;56.4;0.1534;0.1068;0.0957;1.66;0.93
2024-07-11;09:31:13;+27;0846;2352;2589;2077;01610;4648.79267N;00950.67531E;56.4;0.1528;0.1063;0.1026;1.41;0.84
2024-07-11;09:31:27;+27;0846;2312;2548;2072;01610;4648.79457N;00950.67273E;56.5;0.1672;0.1196;0.1046;1.65;0.95
2024-07-11;09:31:42;+27;0846;2251;2568;2086;01608;4648.79382N;00950.67489E;56.5;0.1896;0.1132;0.0991;2.29;0.91
2024-07-11;09:31:53;+27;0846;2299;2496;2077;01609;4648.79369N;00950.67339E;56.5;0.1721;0.1370;0.1027;1.80;0.99
2024-07-11;10:08:11;+25;0846;2398;2588;2109;01612;4648.79203N;00950.67386E;60.9;0.1513;0.1168;0.0975;1.54;0.99
2024-07-11;10:08:25;+25;0846;2408;2521;2094;01609;4648.79239N;00950.67264E;60.9;0.1477;0.1397;0.1038;1.22;0.85
2024-07-11;10:08:43;+25;0846;2386;2557;2095;01611;4648.79386N;00950.66963E;61.0;0.1559;0.1274;0.1034;1.43;1.00
2024-07-11;10:57:14;+26;0846;2409;2652;2144;0000M;4648.71787N;00950.63496E;64.6;0.1579;0.1021;0.0883;2.05;0.94
2024-07-11;10:57:34;+27;0846;2439;2647;2140;0000M;4648.77988N;00950.66213E;64.6;0.1467;0.1038;0.0900;1.72;0.96
2024-07-11;10:57:47;+27;0846;2481;2661;2150;01623;4648.78553N;00950.66578E;64.7;0.1313;0.0991;0.0858;1.49;0.98
2024-07-15;06:32:20;+24;0844;1837;2145;1843;01613;4648.78965N;00950.67942E;26.9;0.1212;0.0969;0.0792;1.49;1.00
2024-07-15;06:32:30;+24;0844;1835;2145;1834;01613;4648.78990N;00950.67927E;26.9;0.1219;0.0971;0.0815;1.41;1.00
2024-07-15;06:32:42;+24;0844;1808;2132;1829;01613;4648.79010N;00950.67843E;27.0;0.1290;0.1001;0.0830;1.55;1.00
2024-07-15;07:00:41;+25;0844;1972;2264;1926;01612;4648.79194N;00950.67511E;31.8;0.1301;0.1008;0.0800;1.70;1.00
2024-07-15;07:01:01;+25;0844;1999;2288;1928;01619;4648.79354N;00950.66931E;31.8;0.1234;0.0956;0.0796;1.53;1.00
2024-07-15;07:01:19;+25;0844;2017;2286;1936;01617;4648.79295N;00950.67210E;31.9;0.1191;0.0964;0.0777;1.49;1.00
2024-07-15;07:22:25;+26;0844;2055;2364;1993;0000M;4648.79233N;00950.67588E;35.5;0.1362;0.0965;0.0753;2.08;1.00
2024-07-15;07:22:40;+26;0844;2083;2327;1967;01608;4648.79356N;00950.67435E;35.5;0.1286;0.1059;0.0830;1.53;0.99
2024-07-15;07:23:22;+26;0844;2031;2359;1984;01609;4648.79349N;00950.67647E;35.7;0.1442;0.0985;0.0785;2.13;0.99
2024-07-15;07:42:16;+27;0844;2106;2405;2015;01610;4648.79260N;00950.67656E;38.9;0.1449;0.1017;0.0799;2.08;0.99
2024-07-15;07:42:35;+27;0844;2110;2422;2015;01610;4648.79361N;00950.67433E;38.9;0.1441;0.0975;0.0801;2.06;0.97
2024-07-15;08:02:11;+28;0844;2122;2374;2011;01604;4648.80014N;00950.66024E;42.2;0.1615;0.1247;0.0917;1.98;0.99
2024-07-15;08:02:54;+28;0844;2160;2375;2010;01599;4648.79833N;00950.66179E;42.3;0.1503;0.1250;0.0924;1.69;0.97
2024-07-15;08:17:51;+28;0844;2152;2460;2040;01626;4648.81418N;00950.62214E;44.8;0.1674;0.1107;0.0893;2.20;0.98
2024-07-15;08:18:03;+28;0844;2256;2433;2028;01625;4648.81348N;00950.62587E;44.8;0.1343;0.1186;0.0936;1.26;0.96
2024-07-15;08:18:19;+28;0844;2164;2419;2022;0000M;4648.80830N;00950.64205E;44.9;0.1639;0.1228;0.0958;1.88;1.00
2024-07-15;08:30:40;+27;0843;2239;2502;2060;01616;4648.79291N;00950.68158E;46.9;0.1504;0.1060;0.0879;1.89;0.98
2024-07-15;08:30:54;+27;0843;2214;2507;2060;01608;4648.79478N;00950.67303E;46.9;0.1588;0.1047;0.0880;2.08;0.96
2024-07-15;08:31:22;+28;0843;2187;2479;2057;01605;4648.79537N;00950.66921E;47.0;0.1682;0.1131;0.0893;2.22;0.99
2024-07-15;08:48:46;+27;0843;2190;2526;2054;01614;4648.79194N;00950.68167E;49.7;0.1815;0.1081;0.0972;2.20;0.89
2024-07-15;08:49:04;+27;0843;2176;2520;2063;01606;4648.79258N;00950.67574E;49.8;0.1866;0.1101;0.0940;2.42;0.93
2024-07-15;08:49:18;+28;0843;2230;2522;2077;01600;4648.79310N;00950.67228E;49.8;0.1681;0.1096;0.0889;2.24;0.97
2024-07-15;08:59:35;+27;0843;2365;2547;2085;01615;4648.79138N;00950.68427E;51.4;0.1297;0.1067;0.0895;1.30;1.00
2024-07-15;09:00:09;+28;0843;2264;2505;2095;01611;4648.79116N;00950.68297E;51.4;0.1642;0.1200;0.0859;2.26;1.00
2024-08-06;07:04:57;+21;0842;2153;2431;2017;01617;4648.80099N;00950.66959E;29.2;0.0686;0.0539;0.0492;1.17;0.95
2024-08-06;07:05:12;+21;0842;2185;2415;2016;01618;4648.80075N;00950.66973E;29.2;0.0617;0.0574;0.0496;0.76;0.95
2024-08-06;07:05:36;+21;0842;2138;2434;2024;01618;4648.80076N;00950.67017E;29.3;0.0728;0.0539;0.0479;1.47;0.95
2024-08-06;07:33:01;+28;0842;2236;2509;2067;01617;4648.80071N;00950.66928E;33.9;0.0808;0.0587;0.0524;1.52;0.94
2024-08-06;07:33:21;+28;0842;2156;2513;2080;0000M;4648.80130N;00950.67000E;34.0;0.1015;0.0581;0.0491;2.56;0.93
2024-08-06;07:33:52;+28;0842;2220;2473;2065;01618;4648.80121N;00950.67067E;34.1;0.0857;0.0674;0.0534;1.65;1.00
2024-08-06;08:01:00;+33;0842;2234;2571;2109;01615;4648.80061N;00950.67089E;38.5;0.1097;0.0622;0.0539;2.51;0.91
2024-08-06;08:01:25;+33;0842;2229;2565;2117;01617;4648.80081N;00950.67182E;38.6;0.1115;0.0639;0.0517;2.70;0.95
2024-08-06;08:01:41;+33;0842;2345;2552;2105;0000M;4648.80100N;00950.67218E;38.7;0.0800;0.0672;0.0554;1.29;1.00
2024-08-06;08:30:27;+35;0842;2313;2607;2147;01620;4648.80106N;00950.67171E;43.2;0.1128;0.0688;0.0537;2.61;0.97
2024-08-06;08:30:51;+35;0842;2296;2623;2152;01619;4648.80103N;00950.67108E;43.3;0.1182;0.0648;0.0522;2.87;0.94
2024-08-06;08:31:11;+35;0842;2293;2641;2151;01618;4648.80102N;00950.67026E;43.3;0.1193;0.0603;0.0527;2.89;0.89
2024-08-06;09:01:25;+31;0841;2408;2688;2178;01619;4648.80012N;00950.67072E;47.8;0.1057;0.0602;0.0531;2.43;0.90
2024-08-06;09:01:42;+31;0841;2377;2687;2174;01618;4648.79988N;00950.67071E;47.9;0.1155;0.0606;0.0545;2.65;0.87
2024-08-06;09:02:00;+31;0841;2373;2687;2187;01616;4648.79989N;00950.67064E;47.9;0.1169;0.0607;0.0502;2.98;0.92
2024-08-06;09:32:05;+32;0841;2477;2708;2200;01617;4648.80044N;00950.67070E;51.9;0.1001;0.0645;0.0527;2.26;0.97
2024-08-06;09:32:25;+32;0841;2514;2693;2194;01618;4648.80105N;00950.66943E;52.0;0.0886;0.0689;0.0549;1.67;1.00
2024-08-06;09:32:44;+32;0841;2437;2724;2210;01618;4648.80101N;00950.66933E;52.0;0.1133;0.0600;0.0492;2.93;0.93
2024-08-06;10:05:17;+32;0841;2507;2716;2200;01614;4648.80016N;00950.66833E;55.6;0.1029;0.0700;0.0585;1.98;0.97
2024-08-06;10:05:47;+32;0841;2549;2744;2222;01612;4648.80059N;00950.66881E;55.7;0.0893;0.0617;0.0504;2.01;0.98
2024-08-06;10:06:26;+31;0841;2540;2732;2226;01610;4648.80115N;00950.66908E;55.8;0.0924;0.0654;0.0490;2.22;1.00
2024-08-06;10:34:47;+33;0841;2514;2758;2238;01622;4648.80177N;00950.66819E;58.1;0.1079;0.0618;0.0475;2.88;0.97
2024-08-06;10:35:00;+33;0841;2452;2773;2239;01621;4648.80203N;00950.66811E;58.1;0.1292;0.0572;0.0471;3.55;0.90
2024-08-06;10:35:15;+32;0841;2466;2752;2229;01619;4648.80203N;00950.66789E;58.1;0.1244;0.0637;0.0510;3.14;0.94
2024-08-06;12:10:22;+32;0841;2543;2720;2200;01617;4648.80317N;00950.67094E;58.1;0.0983;0.0737;0.0621;1.61;0.99
2024-08-06;12:10:40;+32;0841;2497;2687;2193;01616;4648.80334N;00950.67093E;58.1;0.1138;0.0840;0.0648;1.97;1.00
2024-08-06;12:11:01;+32;0841;2482;2710;2193;01615;4648.80328N;00950.67065E;58.1;0.1188;0.0767;0.0647;2.13;0.95
2024-08-06;12:34:45;+33;0841;2471;2699;2187;01619;4648.80431N;00950.66839E;56.2;0.1167;0.0764;0.0643;2.10;0.96
2024-08-06;12:35:08;+33;0841;2438;2681;2179;01617;4648.80411N;00950.66892E;56.2;0.1277;0.0819;0.0673;2.25;0.96
2024-08-06;12:35:23;+33;0841;2454;2690;2185;0000M;4648.80415N;00950.66928E;56.1;0.1222;0.0790;0.0649;2.22;0.96
2024-08-06;13:02:11;+35;0841;2361;2708;2166;01625;4648.80286N;00950.66967E;53.3;0.1436;0.0676;0.0675;2.68;0.77
2024-08-06;13:02:43;+35;0841;2450;2667;2169;01626;4648.80328N;00950.66965E;53.3;0.1137;0.0797;0.0662;1.90;0.98
2024-08-06;14:30:54;+33;0841;2060;2332;1916;01617;4648.80127N;00950.67023E;40.8;0.1760;0.1340;0.1225;1.27;0.93
2024-08-06;14:31:14;+33;0841;2059;2310;1918;01619;4648.80189N;00950.67019E;40.7;0.1760;0.1399;0.1217;1.29;0.99
2024-08-06;14:31:25;+33;0841;2077;2312;1920;01621;4648.80193N;00950.67038E;40.7;0.1701;0.1392;0.1209;1.20;0.99
2024-08-06;15:01:13;+32;0841;2050;2366;1967;01619;4648.80039N;00950.66941E;35.9;0.1440;0.1012;0.0875;1.75;0.96
2024-08-06;15:01:26;+32;0841;2052;2363;1966;01620;4648.80040N;00950.66902E;35.8;0.1431;0.1017;0.0877;1.72;0.96
2024-08-06;15:01:42;+32;0841;2080;2334;1968;01621;4648.80041N;00950.66910E;35.8;0.1349;0.1087;0.0869;1.53;1.00
2024-08-09;13:04:24;+24;0847;2408;2619;2084;01621;4648.80335N;00950.67005E;52.3;0.1234;0.0919;0.0966;0.88;0.63
2024-08-20;10:28:29;+25;0840;2344;2560;2072;01623;4648.80089N;00950.66999E;53.7;0.1553;0.1181;0.1082;1.27;0.93
2024-08-20;10:31:17;+26;0840;2272;2535;2095;01615;4648.80088N;00950.67061E;53.9;0.1812;0.1265;0.0997;2.09;0.99
2024-08-20;10:52:01;+31;0840;2317;2541;2075;01622;4648.80104N;00950.66991E;54.9;0.1695;0.1275;0.1097;1.53;0.98
2024-08-23;08:32:44;+23;0844;2147;2460;2029;01617;4648.80048N;00950.66822E;39.9;0.1474;0.0996;0.0866;1.87;0.94
2024-08-23;08:46:45;+28;0843;2195;2475;2023;01618;4648.80040N;00950.66761E;42.0;0.1455;0.1039;0.0950;1.50;0.91
2024-08-23;09:02:23;+30;0843;2184;2522;2080;01622;4648.80053N;00950.66754E;44.1;0.1615;0.0992;0.0823;2.37;0.95
2024-08-23;09:17:01;+29;0843;2297;2520;2078;0000M;4648.80178N;00950.66700E;46.0;0.1360;0.1064;0.0880;1.53;1.00
2024-08-23;09:36:09;+29;0843;2248;2537;2076;01614;4648.80277N;00950.66887E;48.2;0.1631;0.1091;0.0944;1.92;0.94
2024-08-23;09:50:49;+30;0843;2290;2503;2100;01616;4648.80267N;00950.67019E;49.7;0.1567;0.1243;0.0895;1.95;0.98
2024-08-23;10:01:17;+29;0843;2166;2429;2071;01617;4648.80220N;00950.67011E;50.7;0.2044;0.1508;0.1025;2.41;0.99
2024-08-23;10:16:46;+29;0843;2263;2508;2096;01615;4648.80223N;00950.67048E;52.0;0.1764;0.1301;0.0961;2.12;1.00
2024-08-23;10:24:40;+30;0843;2300;2593;2105;01617;4648.80178N;00950.66974E;52.5;0.1660;0.1054;0.0939;2.01;0.91
2024-08-23;10:33:36;+30;0843;2337;2554;2084;01617;4648.80162N;00950.66995E;53.1;0.1556;0.1190;0.1031;1.45;0.98
2024-08-23;11:52:57;+24;0843;2294;2510;2081;01618;4648.79993N;00950.66892E;53.7;0.1731;0.1347;0.1056;1.73;1.00
2024-08-23;12:01:48;+28;0843;2245;2466;2035;01617;4648.79954N;00950.67000E;53.2;0.1886;0.1476;0.1226;1.51;1.00
2024-08-23;12:16:49;+31;0843;2196;2475;2031;01610;4648.79974N;00950.66973E;52.3;0.2019;0.1417;0.1219;1.77;0.96
2024-08-23;12:28:23;+31;0843;2168;2493;2051;01609;4648.80011N;00950.66904E;51.5;0.2077;0.1332;0.1120;2.17;0.95
2024-08-23;12:43:56;+30;0843;2156;2498;2055;01608;4648.79968N;00950.66901E;50.1;0.2048;0.1272;0.1070;2.28;0.94
2024-08-23;12:55:43;+30;0843;2141;2492;2063;0000M;4648.80039N;00950.66859E;48.9;0.2037;0.1250;0.1011;2.46;0.96
2024-08-23;13:12:59;+30;0843;2172;2434;2015;01611;4648.80007N;00950.66904E;47.0;0.1823;0.1355;0.1132;1.67;0.99
2024-08-23;13:29:10;+30;0843;2164;2457;2025;01612;4648.80024N;00950.66932E;45.0;0.1735;0.1210;0.1038;1.81;0.96
2024-08-23;13:46:26;+30;0843;2183;2428;2019;01611;4648.80068N;00950.66889E;42.7;0.1539;0.1200;0.0988;1.55;1.00
2024-08-23;13:56:37;+30;0843;2093;2429;2008;01612;4648.80106N;00950.66899E;41.3;0.1730;0.1137;0.0979;2.01;0.94
2024-08-23;14:00:23;+31;0843;2061;2382;1986;01614;4648.80069N;00950.66810E;40.8;0.1795;0.1241;0.1033;1.94;0.97
2024-08-29;07:10:36;+23;0850;1650;1972;1740;01610;4648.79037N;00950.67972E;25.7;0.1608;0.1306;0.1038;1.53;1.00
2024-08-29;07:10:51;+23;0850;1656;1974;1743;01608;4648.79182N;00950.67609E;25.7;0.1597;0.1305;0.1034;1.52;1.00
2024-08-29;07:11:06;+23;0850;1660;1982;1748;01606;4648.79232N;00950.67541E;25.8;0.1591;0.1291;0.1024;1.54;1.00
2024-08-29;07:12:11;+23;0850;1672;1978;1738;01614;4648.79200N;00950.67689E;25.9;0.1581;0.1315;0.1060;1.39;0.99
2024-08-29;07:36:08;+24;0850;1836;2142;1834;01606;4648.79274N;00950.67789E;29.8;0.1559;0.1241;0.1032;1.44;1.00
2024-08-29;07:36:26;+24;0850;1840;2135;1836;0000M;4648.79291N;00950.67700E;29.9;0.1553;0.1260;0.1030;1.44;1.00
2024-08-29;07:36:42;+24;0850;1838;2144;1829;01607;4648.79278N;00950.67619E;29.9;0.1562;0.1242;0.1051;1.39;1.00
2024-08-29;07:46:54;+24;0850;1832;2181;1877;01614;4648.79217N;00950.67813E;31.6;0.1736;0.1264;0.1000;1.93;1.00
2024-08-29;07:47:21;+24;0850;1810;2182;1875;01614;4648.79134N;00950.68263E;31.6;0.1806;0.1266;0.1009;2.04;0.99
2024-08-29;07:47:38;+25;0850;1862;2196;1869;01614;4648.79218N;00950.67874E;31.7;0.1662;0.1235;0.1028;1.68;0.99
2024-08-29;07:58:32;+24;0850;1932;2250;1895;01615;4648.79383N;00950.67147E;33.4;0.1616;0.1209;0.1034;1.57;0.98
2024-08-29;07:58:56;+25;0850;1920;2205;1888;01615;4648.79466N;00950.67036E;33.5;0.1656;0.1324;0.1057;1.57;1.00
2024-08-29;07:59:12;+25;0850;1943;2195;1898;01617;4648.79348N;00950.67466E;33.5;0.1594;0.1352;0.1030;1.52;0.97
2024-08-29;08:53:32;+24;0849;2123;2422;2024;01595;4648.78111N;00950.66507E;41.4;0.1649;0.1172;0.0944;1.96;0.99
2024-08-29;08:53:45;+25;0849;2128;2423;2015;00*7A;4648.78483N;00950.66727E;41.4;0.1635;0.1170;0.0974;1.82;0.98
2024-08-29;08:54:03;+25;0849;2092;2427;2022;01585;4648.78643N;00950.66415E;41.4;0.1750;0.1161;0.0952;2.14;0.97
2024-08-29;09:18:16;+25;0849;2130;2431;2015;01630;4648.79533N;00950.69145E;44.5;0.1823;0.1278;0.1073;1.86;0.97
2024-08-29;09:18:33;+25;0849;2169;2447;2022;01635;4648.79465N;00950.69719E;44.5;0.1698;0.1233;0.1050;1.69;0.97
2024-08-29;09:18:48;+25;0849;2124;2427;2020;01636;4648.79458N;00950.69648E;44.6;0.1847;0.1292;0.1057;1.96;0.98
2024-08-29;09:38:04;+26;0849;2286;2540;2095;01582;4648.79548N;00950.65462E;46.7;0.1442;0.1047;0.0857;1.82;0.99
2024-08-29;09:38:32;+26;0849;2302;2535;2091;01607;4648.79350N;00950.67309E;46.8;0.1394;0.1063;0.0872;1.64;1.00
2024-08-29;09:38:46;+26;0849;2269;2536;2093;01609;4648.79185N;00950.67813E;46.8;0.1500;0.1061;0.0866;1.93;0.99
2024-08-29;09:39:07;+26;0849;2315;2531;2097;01615;4648.79161N;00950.68286E;46.8;0.1355;0.1077;0.0853;1.62;1.00
2024-08-29;09:54:56;+26;0849;2284;2544;2098;01599;4648.79174N;00950.66803E;48.3;0.1530;0.1090;0.0887;1.91;0.99
2024-08-29;09:55:12;+27;0849;2243;2534;2093;01596;4648.79117N;00950.66989E;48.4;0.1667;0.1120;0.0905;2.14;0.98
2024-08-29;10:11:16;+27;0849;2308;2567;2103;01615;4648.79250N;00950.67875E;49.7;0.1516;0.1065;0.0901;1.83;0.97
2024-08-29;10:11:29;+27;0849;2287;2525;2089;01612;4648.79268N;00950.67789E;49.7;0.1586;0.1192;0.0953;1.78;1.00
2024-08-29;10:11:39;+27;0849;2245;2558;2117;01610;4648.79283N;00950.67700E;49.7;0.1728;0.1093;0.0851;2.48;0.98
2024-08-29;11:33:54;+25;0848;2227;2446;2034;01604;4648.79784N;00950.67213E;52.1;0.1910;0.1520;0.1220;1.56;1.00
2024-08-29;11:34:09;+26;0848;2182;2365;2011;01605;4648.79802N;00950.67214E;52.1;0.2070;0.1786;0.1310;1.59;0.95
2024-08-29;11:34:21;+26;0848;2242;2477;2055;01602;4648.79989N;00950.67331E;52.1;0.1856;0.1420;0.1139;1.71;1.00
2024-08-29;11:34:35;+26;0848;2194;2386;2030;0000M;4648.80035N;00950.67353E;52.1;0.2027;0.1715;0.1235;1.72;0.96
2024-08-29;12:11:24;+27;0848;2215;2451;2050;01587;4648.80525N;00950.68219E;50.6;0.1875;0.1450;0.1119;1.80;1.00
2024-08-29;12:11:40;+27;0848;2259;2486;2055;01583;4648.80674N;00950.68423E;50.5;0.1723;0.1340;0.1100;1.57;1.00
2024-08-29;12:12:04;+27;0848;2217;2474;2055;01592;4648.80265N;00950.67992E;50.5;0.1866;0.1376;0.1099;1.85;1.00
2024-10-05;15:48:13;+18;0987;0419;0676;0725;00282;4734.25449N;00735.33049E;10.9;0.2135;0.1905;0.1671;0.85;1.00
2024-10-06;13:17:58;+21;0980;1784;2068;1729;00285;4734.13364N;00734.84829E;30.7;0.1646;0.1450;0.1405;0.56;0.91
2024-10-09;09:04:44;+23;0949;2066;2403;1969;00540;4722.70079N;00832.87010E;29.1;0.0832;0.0636;0.0697;0.64;0.45
2024-10-09;09:59:04;+24;0947;1148;1273;1002;00483;4722.75559N;00832.90438E;33.7;0.4464;0.4407;0.4644;-.--;-.--
2024-10-09;13:04:03;+24;0944;1226;1453;1170;00503;4722.63037N;00832.93260E;30.7;0.3636;0.3296;0.3428;0.21;0.38
2024-10-09;13:10:39;+24;0944;1229;1410;1141;00465;4722.63526N;00832.92336E;30.1;0.3524;0.3366;0.3477;0.05;0.10
2024-10-09;14:00:20;+24;0944;0859;1030;0837;00480;4722.64883N;00832.91999E;24.6;0.4101;0.3906;0.4045;0.05;0.09
2024-10-11;13:7.:00;+24;0988;1830;2178;1889;00256;4734.13593N;00734.84877E;23.2;0.0737;0.0655;0.0568;0.91;0.99
2024-10-11;13:35:05;+22;0988;1642;2013;1752;00260;4734.13626N;00734.84788E;27.1;0.1636;0.1293;0.1116;1.34;0.99
2024-10-11;13:35:57;+22;0988;1625;2033;1740;00253;4734.13711N;00734.84768E;27.0;0.1672;0.1240;0.1142;1.34;0.92
2024-10-21;11:16:46;+21;0973;2068;2482;2060;00480;4722.75322N;00832.90072E;31.6;0.1025;0.0615;0.0593;1.94;0.82
2024-10-21;12:25:41;+24;0972;1999;2334;1953;00495;4722.74628N;00832.90336E;29.3;0.0994;0.0796;0.0762;0.94;0.89
2024-10-21;12:47:01;+23;0972;1919;2294;1915;00489;4722.74543N;00832.90192E;27.8;0.1050;0.0785;0.0782;1.04;0.78
2024-10-21;13:03:54;+24;0972;1803;2196;1848;00499;4722.75228N;00832.90399E;26.4;0.1189;0.0888;0.0868;1.11;0.82
2024-10-21;13:26:32;+24;0972;1658;2099;1785;0000M;4722.74397N;00832.90071E;24.2;0.1296;0.0915;0.0884;1.35;0.84
2024-10-21;13:45:36;+25;0972;1653;2147;1819;00502;4722.74801N;00832.90447E;22.1;0.1051;0.0663;0.0681;1.55;0.73
2024-10-21;14:05:15;+25;0971;1512;1909;1649;00489;4722.75674N;00832.90218E;19.8;0.1061;0.0880;0.0869;0.71;0.82
2024-10-21;14:25:43;+25;0971;1067;1422;1247;00490;4722.74705N;00832.90626E;17.2;0.1717;0.1491;0.1487;0.51;0.79
2024-10-21;14:44:47;+25;0971;1078;1505;1350;00501;4722.75357N;00832.90148E;14.6;0.1164;0.0960;0.0957;0.69;0.78
2024-10-21;15:06:58;+25;0971;1014;1519;1421;00483;4722.75772N;00832.90238E;11.4;0.0637;0.0491;0.0489;0.93;0.78
2024-10-24;07:55:29;+20;0998;0921;1310;1264;00281;4734.15420N;00734.83275E;15.9;0.1818;0.1504;0.1277;1.23;1.00
2024-10-24;08:35:03;+20;0998;1385;1798;1634;00246;4734.15637N;00734.82664E;20.8;0.1464;0.1165;0.0966;1.45;1.00
2024-10-24;08:59:30;+21;0998;1434;1817;1629;0000M;4734.14238N;00734.83946E;23.4;0.1727;0.1401;0.1185;1.32;1.00
2024-10-24;09:05:17;+22;0998;1583;1984;1753;00296;4733.94077N;00734.95074E;23.9;0.1410;0.1103;0.0932;1.45;0.99
2024-10-24;09:20:15;+22;0998;1600;2037;1762;00271;4733.94078N;00734.97202E;25.3;0.1543;0.1113;0.1002;1.52;0.93
2024-10-24;09:26:07;+22;0998;1784;2194;1874;00275;4734.14077N;00734.84230E;25.8;0.1132;0.0832;0.0766;1.38;0.91
2024-10-24;10:22:57;+21;0997;1935;2293;1944;00273;4734.13602N;00734.82229E;29.4;0.1124;0.0871;0.0782;1.27;0.96
2024-10-24;10:44:25;+22;0997;1591;1851;1606;00269;4734.13633N;00734.82632E;30.1;0.2171;0.1989;0.1773;0.71;0.99
2024-10-24;11:15:12;+22;0997;1923;2285;1936;00273;4734.13633N;00734.82684E;30.4;0.1254;0.0955;0.0854;1.35;0.96
2024-10-25;13:37:00;+24;0942;1961;2357;2002;00683;4723.54368N;00850.61718E;21.6;0.2237;0.0320;0.0323;6.86;0.77
2024-10-25;13:39:10;+24;0942;1898;2308;1947;00683;4723.54392N;00850.61743E;21.4;0.2333;0.0382;0.0414;6.14;0.74
2024-10-25;13:43:07;+24;0942;1923;2361;1984;00683;4723.54476N;00850.61689E;20.9;0.2241;0.0272;0.0324;6.88;0.71
2024-10-25;13:55:48;+23;0941;1877;2314;1961;00682;4723.55444N;00850.62093E;19.5;0.2173;0.0247;0.0293;7.12;0.71
2024-10-25;14:01:03;+22;0941;1844;2265;1945;00689;4723.55448N;00850.61000E;18.9;0.2163;0.0274;0.0288;7.16;0.76
2024-10-25;14:10:51;+22;0941;1602;2014;1747;00689;4723.55431N;00850.61878E;17.7;0.2457;0.0545;0.0550;5.31;0.77
2024-10-27;10:01:11;+17;0945;1953;2228;1811;0000M;4723.56770N;00850.61769E;27.8;0.1034;0.0964;0.1073;-.--;-.--
2024-10-27;10:21:16;+19;0945;2171;2443;2003;00692;4723.56768N;00850.61921E;28.7;0.0614;0.0585;0.0645;-.--;-.--
2024-10-27;10:29:51;+20;0945;2029;2317;1886;00691;4723.56839N;00850.62000E;29.0;0.0964;0.0858;0.0950;0.06;0.02
2024-10-27;10:35:32;+22;0945;2100;2408;1972;00691;4723.56924N;00850.61940E;29.1;0.0811;0.0681;0.0742;0.33;0.29
2024-10-27;10:40:26;+25;0945;2120;2432;1978;00691;4723.56843N;00850.61903E;29.3;0.0775;0.0639;0.0732;0.22;0.10
2024-10-27;10:44:14;+25;0945;2058;2360;1930;00687;4723.56781N;00850.61938E;29.3;0.0927;0.0791;0.0856;0.29;0.27
2024-10-27;10:49:09;+24;0945;2023;2357;1941;00687;4723.56711N;00850.61927E;29.4;0.1019;0.0802;0.0833;0.72;0.64
2024-10-27;10:54:23;+24;0945;2115;2488;2016;00691;4723.56797N;00850.61943E;29.5;0.0806;0.0540;0.0650;0.78;0.31
2024-10-27;11:03:07;+24;0945;2122;2466;2007;00687;4723.56818N;00850.61876E;29.6;0.0795;0.0587;0.0674;0.60;0.32
2024-10-27;11:03:53;+25;0945;2112;2462;2016;00688;4723.56734N;00850.61877E;29.6;0.0818;0.0595;0.0652;0.81;0.50
2024-10-27;11:07:02;+25;0945;2165;2501;2040;00689;4723.56808N;00850.61925E;29.6;0.0697;0.0518;0.0594;0.58;0.31
2024-10-27;11:11:11;+25;0945;2192;2552;2090;0000M;4723.56823N;00850.61930E;29.6;0.0635;0.0418;0.0475;1.05;0.49
2024-10-27;11:13:44;+26;0945;2239;2586;2125;00687;4723.56806N;00850.61907E;29.6;0.0530;0.0352;0.0392;1.08;0.53
2024-10-27;11:18:17;+27;0945;2257;2638;2151;00687;4723.56775N;00850.61876E;29.5;0.0488;0.0253;0.0331;1.40;0.37
2024-10-27;11:21:40;+27;0945;2252;2629;2128;00689;4723.56840N;00850.61949E;29.5;0.0496;0.0268;0.0383;0.96;0.20
2024-10-27;11:25:37;+25;0945;2238;2627;2122;00688;4723.55091N;00850.61833E;29.5;0.0523;0.0270;0.0395;1.04;0.20
2024-10-27;11:30:54;+24;0945;2233;2614;2130;00692;4723.55349N;00850.61810E;29.4;0.0528;0.0290;0.0374;1.25;0.36
2024-10-27;11:37:21;+23;0945;2214;2607;2125;00682;4723.55659N;00850.61826E;29.2;0.0560;0.0297;0.0380;1.40;0.39
2024-10-27;11:44:11;+23;0945;2232;2552;2109;00672;4723.56180N;00850.61654E;29.0;0.0506;0.0393;0.0410;0.75;0.62
2024-10-27;11:53:08;+22;0945;2212;2580;2110;00655;4723.56631N;00850.60446E;28.7;0.0528;0.0326;0.0397;1.03;0.37
2024-10-27;11:55:47;+22;0945;2197;2583;2100;00676;4723.55832N;00850.60976E;28.6;0.0553;0.0316;0.0416;1.03;0.28
2024-10-27;12:00:10;+22;0945;2152;2557;2084;00695;4723.55313N;00850.61830E;28.5;0.0638;0.0356;0.0446;1.29;0.39
2024-10-27;12:05:21;+22;0945;2220;2554;2082;00687;4723.55612N;00850.61634E;28.2;0.0472;0.0350;0.0442;0.26;0.06
2024-10-27;12:12:34;+22;0945;2170;2546;2110;00696;4723.55642N;00850.61090E;27.9;0.0552;0.0348;0.0366;1.47;0.68
2024-10-27;12:16:11;+22;0945;2138;2540;2084;00684;4723.56048N;00850.61482E;27.7;0.0606;0.0349;0.0416;1.35;0.47
2024-10-27;12:18:12;+22;0945;2196;2524;2095;00703;4723.55331N;00850.61550E;27.6;0.0473;0.0373;0.0388;0.71;0.64
2024-10-27;12:22:13;+22;0945;2172;2558;2108;00642;4723.56163N;00850.60825E;27.3;0.0506;0.0300;0.0350;1.32;0.49
2024-10-27;12:29:46;+23;0945;2147;2546;2087;00678;4723.55398N;00850.61940E;26.9;0.0521;0.0299;0.0378;1.16;0.35
2024-10-27;12:34:52;+23;0945;2128;2539;2086;0000M;4723.55144N;00850.61568E;26.5;0.0533;0.0294;0.0367;1.35;0.41
2024-10-27;12:44:54;+22;0945;2104;2529;2081;00647;4723.56218N;00850.61665E;25.8;0.0523;0.0275;0.0350;1.45;0.41
2024-10-27;12:52:57;+22;0945;2142;2510;2052;00676;4723.56148N;00850.61647E;25.2;0.0393;0.0276;0.0384;0.12;-.--
2024-10-27;10:1.:00;+22;0945;2047;2428;2031;00689;4723.55576N;00850.61833E;28.1;0.0846;0.0583;0.0554;1.49;0.86
2024-10-27;13:11:49;+22;0945;2016;2462;2015;00675;4723.56095N;00850.61557E;23.5;0.0499;0.0267;0.0388;0.93;0.18
2024-10-27;13:24:16;+22;0945;1859;2247;1885;0000M;4723.55585N;00850.61492E;22.3;0.0695;0.0546;0.0586;0.61;0.50
2024-10-27;13:37:37;+22;0945;1790;2232;1855;00694;4723.55397N;00850.61599E;20.9;0.0680;0.0471;0.0565;0.68;0.28
2024-10-28;07:13:57;+18;0949;0977;1454;1396;00700;4723.55110N;00850.60964E;10.0;0.0431;0.0387;0.0381;0.43;0.87
2024-10-28;07:35:50;+19;0949;1304;1783;1609;00700;4723.54760N;00850.61982E;13.0;0.0463;0.0385;0.0401;0.51;0.57
2024-10-28;07:45:10;+19;0949;1404;1822;1640;00692;4723.55177N;00850.62155E;14.3;0.0496;0.0474;0.0462;0.25;0.98
2024-10-28;07:54:43;+19;0949;1487;1982;1738;00689;4723.55516N;00850.62330E;15.5;0.0540;0.0385;0.0409;0.99;0.62
2024-10-28;07:58:17;+19;0953;1531;1998;1748;00656;4723.58705N;00850.80228E;16.0;0.0520;0.0402;0.0424;0.73;0.59
2024-10-28;08:02:04;+19;0956;1570;2032;1764;00627;4723.58800N;00850.95723E;16.4;0.0512;0.0396;0.0430;0.62;0.46
2024-10-28;08:05:49;+18;0959;1551;2019;1746;00601;4723.46410N;00851.17000E;16.9;0.0606;0.0453;0.0491;0.76;0.52
2024-10-28;08:21:40;+18;0966;1523;1974;1714;00545;4722.03016N;00847.10806E;18.8;0.0915;0.0690;0.0679;1.06;0.81
2024-10-28;11:22:15;+23;0973;1833;2156;1854;00496;4722.75291N;00832.90310E;29.2;0.1426;0.1195;0.1030;1.14;1.00
2024-10-28;11:30:33;+23;0973;1812;2193;1861;00479;4722.75292N;00832.90341E;29.1;0.1470;0.1104;0.1005;1.34;0.94
2024-10-28;11:33:53;+25;0973;1868;2211;1874;00482;4722.75171N;00832.90278E;29.0;0.1316;0.1060;0.0967;1.08;0.96
2024-10-28;11:39:44;+27;0973;1862;2254;1889;00484;4722.75025N;00832.90226E;28.9;0.1318;0.0957;0.0921;1.27;0.85
2024-10-28;11:44:43;+27;0950;1860;2234;1882;00486;4722.75088N;00832.90151E;28.7;0.1354;0.1015;0.0946;1.26;0.91
2024-10-28;11:50:22;+26;0973;1821;2215;1885;00485;4722.75210N;00832.90156E;28.6;0.1393;0.1020;0.0915;1.48;0.94
2024-10-28;11:55:50;+28;0973;1788;2157;1837;00481;4722.75306N;00832.90219E;28.4;0.1459;0.1132;0.1027;1.24;0.95
2024-10-28;12:03:30;+27;0975;1761;2130;1824;00469;4722.68504N;00832.89413E;28.0;0.1493;0.1166;0.1041;1.27;0.97
2024-10-28;12:07:19;+24;0977;1767;2172;1833;00526;4722.68345N;00832.77826E;27.9;0.1454;0.1059;0.1006;1.30;0.87
2024-10-28;12:11:48;+23;0977;1750;2150;1837;00464;4722.68136N;00832.73909E;27.7;0.1474;0.1090;0.0983;1.43;0.94
2024-10-28;12:36:00;+23;0976;1753;2195;1865;00004;4722.67309N;00832.74205E;26.2;0.1307;0.0892;0.0833;1.59;0.88
2024-10-28;12:49:16;+24;0976;1787;2168;1861;0000M;4722.69303N;00832.75342E;25.2;0.1115;0.0874;0.0787;1.22;0.96
2024-10-28;12:55:53;+23;0976;1749;2157;1823;00423;4722.69120N;00832.74841E;24.7;0.1146;0.0855;0.0843;1.09;0.81
2024-10-28;13:01:22;+23;0976;1768;2181;1850;00431;4722.68933N;00832.75432E;24.3;0.1049;0.0775;0.0755;1.16;0.83
2024-10-28;13:11:22;+24;0976;1697;2123;1806;00460;4722.68168N;00832.74489E;23.4;0.1111;0.0815;0.0798;1.17;0.82
2024-10-28;14:07:10;+23;0976;0762;1019;0923;00615;4722.72032N;00832.69045E;17.4;0.2762;0.2520;0.2417;0.47;0.97
2024-10-29;07:18:50;+18;0950;0702;1098;1108;00692;4723.55309N;00850.60905E;10.4;0.1124;0.0960;0.0847;0.99;1.00
2024-10-29;07:24:52;+18;0950;0765;1160;1138;00702;4723.55974N;00850.59290E;11.2;0.1194;0.1020;0.0923;0.90;0.99
2024-10-29;07:30:46;+18;0950;0815;1215;1199;00702;4723.56028N;00850.59343E;12.0;0.1278;0.1077;0.0933;1.10;1.00
2024-10-29;07:36:01;+18;0950;0873;1272;1225;00700;4723.55988N;00850.59334E;12.8;0.1307;0.1104;0.0983;1.00;0.99
2024-10-29;07:40:14;+18;0950;0920;1289;1242;00702;4723.56035N;00850.59345E;13.3;0.1323;0.1170;0.1027;0.88;1.00
2024-10-29;07:45:07;+17;0950;0984;1382;1310;00702;4723.55337N;00850.61998E;14.0;0.1310;0.1111;0.0982;1.01;1.00
2024-10-29;07:51:33;+18;0950;1147;1580;1453;00697;4723.56490N;00850.61630E;14.8;0.1102;0.0900;0.0819;1.05;0.97
2024-10-29;07:58:13;+18;0950;1201;1618;1493;00701;4723.55620N;00850.61670E;15.7;0.1142;0.0950;0.0833;1.11;0.99
2024-10-29;08:00:43;+18;0954;1207;1598;1468;00659;4723.58791N;00850.80093E;16.0;0.1179;0.1020;0.0908;0.92;1.00
2024-10-29;08:05:24;+18;0959;1221;1613;1468;00606;4723.46809N;00851.16032E;16.6;0.1244;0.1065;0.0964;0.90;0.99
2024-10-29;13:02:07;+23;0975;1611;1994;1740;00471;4722.66132N;00832.90210E;23.9;0.1386;0.1112;0.0983;1.20;0.98
2024-11-01;10:23:01;+22;0972;1855;2203;1859;00482;4722.74460N;00832.90021E;27.1;0.1167;0.0954;0.0910;0.88;0.90
2024-11-01;10:30:32;+21;0972;1919;2281;1923;00493;4722.75033N;00832.90047E;27.4;0.1038;0.0812;0.0769;1.06;0.90
2024-11-01;10:43:40;+22;0972;1947;2289;1948;00493;4722.75120N;00832.90069E;27.7;0.1003;0.0818;0.0726;1.13;0.98
2024-11-01;10:57:19;+22;0972;1983;2355;1961;00499;4722.75306N;00832.89959E;27.9;0.0937;0.0698;0.0705;1.01;0.75
2024-11-01;11:04:27;+21;0974;1971;2323;1957;00499;4722.68840N;00832.87655E;28.0;0.0966;0.0763;0.0716;1.06;0.92
2024-11-01;11:14:39;+19;0980;1853;2238;1895;0000M;4722.70129N;00832.51421E;27.9;0.1243;0.0931;0.0862;1.29;0.91
2024-11-01;12:33:09;+23;0993;1914;2271;1913;00290;4732.87967N;00735.41017E;25.2;0.0796;0.0665;0.0667;0.63;0.76
2024-11-01;12:39:22;+21;0993;1847;2213;1866;00283;4732.89538N;00735.43141E;24.8;0.0905;0.0746;0.0750;0.67;0.76
2024-11-01;13:40:36;+21;0996;1595;2039;1736;00276;4734.13825N;00734.84830E;19.5;0.0813;0.0624;0.0678;0.65;0.48
2024-11-01;13:53:43;+21;0996;1504;1912;1682;00268;4734.13642N;00734.84851E;18.1;0.0804;0.0698;0.0674;0.62;0.91
2024-11-01;14:05:56;+21;0996;1414;1830;1627;00263;4734.13392N;00734.84910E;16.7;0.0777;0.0683;0.0661;0.57;0.91
2024-11-01;14:25:50;+21;0995;1249;1682;1530;00279;4734.13554N;00734.85462E;14.3;0.0701;0.0628;0.0609;0.49;0.92
2024-11-01;15:01:30;+21;0995;0418;0665;0662;00276;4734.13278N;00734.85397E;09.5;0.1646;0.1566;0.1537;0.24;0.95
2024-11-03;10:55:31;+20;1000;1624;1971;1697;00275;4734.13517N;00734.82623E;27.0;0.1713;0.1428;0.1306;0.95;0.97
2024-11-03;11:00:29;+21;1000;1624;2029;1733;00271;4734.13076N;00734.81436E;27.1;0.1720;0.1301;0.1215;1.23;0.91
2024-11-03;12:30:22;+19;0960;1808;2206;1875;00613;4726.62709N;00721.24031E;24.9;0.1075;0.0807;0.0761;1.22;0.89
2024-11-03;12:35:03;+19;0959;1777;2245;1898;00615;4726.62565N;00721.23772E;24.7;0.1118;0.0714;0.0694;1.69;0.82
2024-11-03;12:50:03;+18;0960;1707;2075;1753;00596;4726.63378N;00721.21052E;23.6;0.1162;0.0957;0.0956;0.69;0.78
2024-11-03;12:55:08;+18;0959;1622;1987;1684;00600;4726.63292N;00721.21597E;23.2;0.1319;0.1097;0.1089;0.68;0.80
2024-11-03;12:56:00;+18;0959;1627;1980;1676;00597;4726.63323N;00721.21312E;23.2;0.1299;0.1105;0.1103;0.58;0.78
2024-11-03;13:00:01;+18;0959;1606;1965;1677;00604;4726.63202N;00721.21452E;22.9;0.1309;0.1106;0.1077;0.69;0.87
2024-11-03;13:15:13;+16;0959;1577;1934;1649;00599;4726.63233N;00721.21515E;21.6;0.1207;0.1044;0.1041;0.52;0.79
2024-11-03;13:16:41;+17;0959;1597;2026;1723;0000M;4726.62615N;00721.23912E;21.5;0.1143;0.0862;0.0870;0.97;0.75
2024-11-03;13:20:36;+17;0959;1583;2001;1719;00600;4726.63197N;00721.21772E;21.1;0.1128;0.0875;0.0853;0.99;0.84
2024-11-03;13:25:05;+18;0959;1597;2015;1742;00602;4726.63103N;00721.20949E;20.7;0.1040;0.0812;0.0775;1.04;0.88
2024-11-03;13:40:26;+17;0959;1520;1962;1696;00599;4726.63078N;00721.21298E;19.1;0.0997;0.0761;0.0755;0.99;0.79
2024-11-03;13:44:59;+17;0959;1494;1947;1682;00600;4726.63073N;00721.21297E;18.7;0.0984;0.0740;0.0745;0.99;0.75
2024-11-03;13:50:04;+17;0959;1535;1967;1729;00597;4726.63215N;00721.21371E;18.1;0.0820;0.0655;0.0617;1.00;0.91
2024-11-03;14:04:49;+16;0959;1430;1898;1683;00597;4726.63215N;00721.21573E;16.5;0.0783;0.0597;0.0572;1.11;0.87
2024-11-03;14:11:00;+17;0959;1342;1784;1596;00593;4726.63022N;00721.21806E;15.7;0.0842;0.0690;0.0659;0.86;0.90
2024-11-03;14:14:57;+16;0959;1277;1768;1573;00593;4726.63112N;00721.21415E;15.3;0.0894;0.0660;0.0656;1.10;0.79
2024-11-03;14:30:19;+15;0959;1097;1523;1399;00599;4726.63060N;00721.21557E;13.3;0.0909;0.0784;0.0754;0.66;0.91
2024-11-03;14:35:37;+15;0959;1027;1434;1338;00600;4726.63020N;00721.21538E;12.7;0.0915;0.0820;0.0777;0.58;0.97
2024-11-04;11:40:33;+20;0998;1807;2256;1918;00287;4734.13599N;00734.84919E;26.5;0.1180;0.0784;0.0727;1.71;0.88
2024-11-08;12:19:45;+22;0978;1294;1648;1461;00457;4723.60027N;00830.42423E;23.9;0.2289;0.1902;0.1709;1.02;0.98
2024-11-14;07:39:05;+17;0948;0644;1028;1066;00690;4723.55280N;00850.61848E;09.1;0.0924;0.0829;0.0732;0.82;1.00
2024-11-15;12:48:12;+20;0946;1950;2412;2043;00695;4723.54753N;00850.61093E;20.2;0.0334;0.0182;0.0220;1.51;0.48
2024-11-15;12:59:11;+19;0946;1883;2353;1985;00699;4723.54603N;00850.61779E;19.4;0.0365;0.0213;0.0277;1.00;0.28
2024-11-15;13:12:58;+16;0946;1856;2306;1977;00691;4723.54476N;00850.61816E;18.3;0.0285;0.0200;0.0232;0.75;0.36
2024-11-15;13:18:42;+14;0946;1792;2289;1955;00691;4723.54555N;00850.61861E;17.7;0.0335;0.0187;0.0240;1.22;0.35
2024-11-15;13:23:16;+13;0946;1806;2249;1946;00688;4723.54482N;00850.61736E;17.3;0.0262;0.0209;0.0231;0.47;0.34
2024-11-15;13:27:14;+12;0946;1748;2194;1907;00690;4723.54466N;00850.61776E;16.9;0.0314;0.0253;0.0269;0.55;0.51
2024-11-16;10:24:10;+17;0943;2073;2510;2088;00725;4723.55456N;00850.62115E;22.9;0.0376;0.0197;0.0260;1.34;0.35
2024-11-16;10:42:57;+19;0943;2152;2518;2098;00693;4723.56839N;00850.62102E;23.4;0.0273;0.0212;0.0262;0.17;0.03
2024-11-16;10:53:29;+18;0943;2149;2567;2126;00691;4723.56871N;00850.62206E;23.6;0.0292;0.0143;0.0215;1.13;0.20
2024-11-16;11:10:19;+19;0943;2108;2558;2125;00690;4723.56795N;00850.61845E;23.7;0.0377;0.0162;0.0220;1.94;0.42
2024-11-16;11:18:20;+19;0943;2074;2515;2120;00687;4723.56902N;00850.62084E;23.7;0.0439;0.0228;0.0229;2.32;0.77
2024-11-16;11:24:19;+16;0943;2145;2494;2112;00689;4723.56845N;00850.62101E;23.6;0.0299;0.0259;0.0241;0.75;0.97
2024-11-16;11:33:03;+18;0943;2139;2520;2116;00688;4723.56903N;00850.62034E;23.5;0.0299;0.0210;0.0229;0.96;0.56
2024-11-16;11:40:27;+19;0943;2097;2507;2116;00688;4723.56855N;00850.62062E;23.3;0.0364;0.0222;0.0223;1.75;0.77
2024-11-16;11:47:47;+16;0943;2130;2543;2105;00689;4723.56916N;00850.62032E;23.1;0.0286;0.0155;0.0235;0.73;0.11
2024-11-16;11:55:58;+17;0942;2141;2541;2126;00685;4723.55597N;00850.61972E;22.8;0.0244;0.0146;0.0187;0.98;0.29
2024-11-16;12:43:58;+26;0941;1987;2401;2034;00698;4723.55405N;00850.61989E;20.3;1.0228;1.0265;1.1219;-.--;-.--
2024-11-16;13:00:17;+27;0941;1912;2339;2012;00685;4723.55541N;00850.61981E;19.1;0.9661;0.9696;1.0567;-.--;-.--
2024-11-16;13:13:25;+27;0941;1817;2255;1965;00699;4723.55322N;00850.61799E;18.0;0.9181;0.9208;1.0012;-.--;-.--
2024-11-16;13:20:25;+25;0941;1755;2266;1952;00697;4723.55192N;00850.61894E;17.4;0.8914;0.8845;0.9669;-.--;-.--
2024-11-16;13:32:13;+25;0941;1511;1939;1680;00693;4723.55486N;00850.62008E;16.2;0.8661;0.8657;0.9437;-.--;-.--
2024-11-16;13:42:48;+24;0941;1659;2115;1871;00696;4723.55235N;00850.61964E;15.2;0.7744;0.7802;0.8502;-.--;-.--
2024-11-16;13:48:44;+23;0941;1623;2073;1878;00696;4723.55440N;00850.61872E;14.6;0.7415;0.7494;0.8121;-.--;-.--
2024-11-16;14:06:32;+21;0941;1410;1896;1746;00689;4723.58542N;00850.53774E;12.6;0.6489;0.6538;0.7096;-.--;-.--
2024-11-16;14:08:33;+19;0941;1381;1897;1752;0000M;4723.61590N;00850.50094E;12.3;0.6381;0.6397;0.6945;-.--;-.--
2024-11-16;14:11:32;+18;0941;1392;1873;1752;00688;4723.65207N;00850.44588E;12.0;0.6137;0.6214;0.6731;-.--;-.--
2024-11-16;14:14:25;+16;0940;1356;1884;1721;00694;4723.64919N;00850.36301E;11.7;0.5969;0.5998;0.6559;-.--;-.--
2024-11-16;14:16:55;+15;0939;1306;1844;1706;0000M;4723.66363N;00850.31759E;11.4;0.5849;0.5862;0.6393;-.--;-.--
2024-11-16;14:23:46;+15;0940;1236;1743;1622;00696;4723.64034N;00850.37686E;10.5;0.5392;0.5458;0.5967;-.--;-.--
2024-11-16;14:26:11;+14;0941;1198;1697;1617;00690;4723.61954N;00850.49137E;10.2;0.5243;0.5319;0.5784;-.--;-.--
2024-11-16;14:28:52;+14;0941;1179;1690;1600;00693;4723.58195N;00850.54098E;09.9;0.5043;0.5119;0.5591;-.--;-.--
2024-11-16;14:33:56;+13;0941;1044;1595;1560;00690;4723.57032N;00850.55997E;09.2;0.4799;0.4812;0.5226;-.--;-.--
2024-11-16;14:37:18;+13;0941;1028;1535;1524;00690;4723.60196N;00850.52137E;08.8;0.4518;0.4597;0.4987;-.--;-.--
2024-11-16;14:43:59;+13;0941;0917;1416;1432;00689;4723.59667N;00850.52623E;08.0;0.4058;0.4151;0.4514;-.--;-.--
2024-11-16;14:45:55;+13;0941;0847;1365;1404;00690;4723.56378N;00850.57464E;07.7;0.3978;0.4033;0.4374;-.--;-.--
2024-11-17;10:07:05;+17;0939;1595;1975;1725;00676;4723.57569N;00850.62683E;22.0;0.1061;0.1054;0.0888;0.61;0.75
2024-11-17;10:26:39;+19;0938;1572;2016;1730;00702;4723.55051N;00850.62120E;22.8;0.1214;0.1048;0.0931;0.93;1.00
2024-11-17;10:39:57;+20;0938;1724;2093;1806;00687;4723.55172N;00850.61580E;23.1;0.0896;0.0933;0.0787;0.44;0.51
2024-11-27;13:17:38;+20;0971;1459;1942;1734;00461;4722.61642N;00832.81370E;15.8;0.0471;0.0486;0.0421;0.38;0.53
2024-11-27;13:20:44;+19;0971;1453;1889;1733;00464;4722.57565N;00832.81279E;15.6;0.0444;0.0533;0.0403;0.31;0.10
2024-11-27;13:21:31;+18;0971;1441;1912;1739;00462;4722.57554N;00832.81309E;15.5;0.0456;0.0494;0.0389;0.54;0.40
2024-11-27;13:22:01;+18;0971;1455;1904;1733;0000M;4722.57572N;00832.81406E;15.4;0.0424;0.0500;0.0395;0.22;0.07
2024-11-27;13:22:14;+18;0971;1449;1939;1729;00454;4722.57573N;00832.81418E;15.4;0.0432;0.0450;0.0400;0.26;0.39
2024-11-27;13:22:32;+18;0971;1459;1942;1727;00452;4722.57594N;00832.81445E;15.4;0.0410;0.0443;0.0401;0.07;0.03
2024-11-27;13:22:45;+18;0971;1430;1931;1732;00450;4722.57609N;00832.81465E;15.4;0.0460;0.0456;0.0392;0.55;0.77
2024-11-27;13:22:59;+18;0971;1373;1933;1726;00449;4722.57603N;00832.81438E;15.4;0.0565;0.0451;0.0400;1.21;0.98
2024-11-27;13:23:14;+18;0971;1454;1905;1729;00448;4722.57632N;00832.81406E;15.3;0.0410;0.0488;0.0393;0.12;0.02
2024-11-27;13:23:56;+18;0971;1438;1920;1731;00446;4722.57603N;00832.81450E;15.3;0.0430;0.0460;0.0386;0.37;0.34
2024-11-27;13:24:09;+18;0971;1433;1912;1724;00445;4722.57616N;00832.81500E;15.3;0.0436;0.0469;0.0395;0.33;0.30
2024-11-27;13:24:27;+18;0971;1445;1922;1724;00444;4722.57623N;00832.81514E;15.2;0.0410;0.0453;0.0393;0.14;0.07
2024-11-27;13:24:46;+17;0971;1447;1924;1725;00443;4722.57644N;00832.81562E;15.2;0.0403;0.0447;0.0389;0.10;0.04
2024-11-27;13:25:01;+17;0971;1442;1918;1712;00443;4722.57648N;00832.81573E;15.2;0.0408;0.0453;0.0408;-.--;-.--
2024-11-27;13:25:28;+17;0971;1421;1930;1705;00442;4722.57637N;00832.81571E;15.1;0.0441;0.0433;0.0415;0.21;0.94
2024-11-27;13:25:48;+17;0971;1409;1922;1719;00442;4722.57627N;00832.81542E;15.1;0.0458;0.0441;0.0392;0.55;0.91
2024-11-27;13:26:06;+17;0971;1436;1912;1721;00442;4722.57635N;00832.81574E;15.1;0.0405;0.0451;0.0387;0.15;0.07
2024-11-27;13:26:36;+17;0971;1436;1908;1717;00443;4722.57635N;00832.81504E;15.0;0.0398;0.0452;0.0389;0.07;0.01
2024-11-27;13:27:00;+17;0971;1438;1924;1719;00444;4722.57601N;00832.81458E;15.0;0.0389;0.0427;0.0384;0.04;0.01
2024-11-27;13:28:17;+17;0971;1425;1914;1707;00443;4722.57618N;00832.81528E;14.9;0.0396;0.0428;0.0393;0.01;-.--
2024-11-27;13:28:55;+17;0971;1432;1889;1699;00444;4722.57588N;00832.81431E;14.8;0.0374;0.0456;0.0401;-.--;-.--
2024-11-27;13:29:21;+17;0971;1432;1889;1710;00444;4722.57632N;00832.81457E;14.8;0.0368;0.0452;0.0381;-.--;-.--
2024-11-27;13:29:53;+17;0971;1410;1915;1719;00444;4722.57609N;00832.81420E;14.7;0.0401;0.0412;0.0364;0.33;0.53
2024-11-27;13:30:41;+18;0971;1388;1882;1702;00446;4722.57561N;00832.81367E;14.7;0.0429;0.0448;0.0384;0.38;0.47
2024-11-27;13:31:34;+18;0971;1407;1877;1707;00447;4722.57531N;00832.81323E;14.6;0.0382;0.0446;0.0370;0.10;0.02
2024-11-27;13:33:27;+18;0971;1407;1886;1706;0000M;4722.57581N;00832.81322E;14.4;0.0356;0.0415;0.0358;-.--;-.--
2024-11-27;13:34:21;+18;0971;1386;1847;1690;00445;4722.57576N;00832.81291E;14.3;0.0380;0.0458;0.0375;0.03;-.--
2024-11-27;13:35:18;+18;0971;1385;1869;1682;00443;4722.57533N;00832.81415E;14.2;0.0368;0.0419;0.0380;-.--;-.--
2024-11-27;13:36:05;+18;0971;1359;1835;1668;00443;4722.57574N;00832.81432E;14.1;0.0403;0.0455;0.0394;0.06;0.01
2024-11-27;13:36:48;+18;0971;1371;1862;1687;00443;4722.57622N;00832.81393E;14.1;0.0371;0.0412;0.0361;0.08;0.02
2024-11-27;13:37:30;+18;0971;1365;1862;1685;00444;4722.57610N;00832.81330E;14.0;0.0371;0.0405;0.0359;0.10;0.05
2024-11-27;13:38:47;+18;0971;1356;1843;1680;00445;4722.57583N;00832.81247E;13.9;0.0367;0.0416;0.0356;0.09;0.02
2024-11-27;13:40:04;+18;0971;1350;1803;1650;00446;4722.57538N;00832.81246E;13.8;0.0358;0.0455;0.0389;-.--;-.--
2024-11-27;13:40:33;+18;0971;1287;1799;1658;00445;4722.57537N;00832.81276E;13.7;0.0464;0.0454;0.0374;0.74;0.80
2024-11-27;13:41:12;+18;0971;1335;1817;1660;00445;4722.57524N;00832.81374E;13.7;0.0367;0.0424;0.0366;-.--;-.--
2024-11-27;13:41:43;+18;0971;1320;1799;1665;00444;4722.57571N;00832.81435E;13.6;0.0385;0.0441;0.0355;0.27;0.12
2024-11-27;13:42:19;+18;0971;1336;1785;1655;00444;4722.57556N;00832.81400E;13.5;0.0347;0.0453;0.0364;-.--;-.--
2024-11-27;13:42:53;+18;0971;1310;1816;1651;00444;4722.57583N;00832.81394E;13.5;0.0384;0.0406;0.0365;0.17;0.20
2024-11-27;13:44:42;+18;0971;1296;1792;1649;00442;4722.57690N;00832.81482E;13.3;0.0379;0.0416;0.0353;0.23;0.16
2024-11-27;13:45:10;+18;0971;1300;1785;1648;00442;4722.57713N;00832.81509E;13.3;0.0364;0.0420;0.0351;0.11;0.03
2024-11-27;13:45:52;+18;0971;1301;1778;1629;00441;4722.57710N;00832.81533E;13.2;0.0351;0.0421;0.0372;-.--;-.--
