CALITOO #1504-0124
------------------------------------------
CN0_465=3636;RAY_465=0.19490
CN0_540=3364;RAY_540=0.10637;OZ_540=0.0128
CN0_619=2455;RAY_619=0.06281;OZ_619=0.0154
----------------------------------------------------------------------
Date;Time;Temperature;Pression;RAW465;RAW540;RAW619;Altitude;Latitude;Longitude;Elevation;AOT465;AOT540;AOT619;Alpha;R²
2024-06-04;07:55:12;+21;0841;2531;2827;2160;0000M;4648.79679N;00950.67049E;43.0;0.5173;0.4769;0.4104;0.80;0.96
2024-06-04;07:55:25;+22;0841;2519;2817;2156;01608;4648.79698N;00950.66899E;43.0;0.5210;0.4797;0.4120;0.82;0.96
2024-06-04;09:00:01;+23;0841;2642;2916;2212;01608;4648.79465N;00950.67503E;53.3;0.6027;0.5540;0.4757;0.82;0.96
2024-06-04;09:00:22;+23;0841;2634;2893;2223;01614;4648.79315N;00950.67702E;53.4;0.6057;0.5608;0.4721;0.87;0.94
2024-06-04;09:00:36;+23;0841;2653;2926;2211;01615;4648.79353N;00950.67727E;53.4;0.6003;0.5520;0.4767;0.80;0.97
2024-06-04;09:36:22;+25;0841;2527;2778;2110;01613;4648.79361N;00950.67694E;58.4;0.6880;0.6359;0.5495;0.78;0.96
2024-06-04;09:36:57;+25;0841;2676;2947;2214;01623;4648.79281N;00950.67870E;58.5;0.6398;0.5861;0.5090;0.80;0.97
2024-06-04;09:37:13;+25;0841;2690;2961;2226;01627;4648.79256N;00950.67952E;58.5;0.6357;0.5824;0.5046;0.80;0.97
2024-06-14;11:59:44;+21;0842;1866;2073;1564;01607;4648.79223N;00950.66319E;65.0;1.0154;0.9466;0.8587;0.58;0.99
2024-06-14;12:00:08;+21;0842;2436;2708;2092;01612;4648.79181N;00950.66387E;65.0;0.7735;0.7042;0.5948;0.91;0.96
2024-06-18;06:31:39;+22;0845;1696;1993;1552;01614;4648.80048N;00950.66940E;28.9;0.5111;0.4759;0.4295;0.61;0.98
2024-06-18;06:31:58;+23;0845;1831;2154;1688;01613;4648.80027N;00950.66981E;29.0;0.4751;0.4392;0.3897;0.69;0.98
2024-06-18;06:32:28;+23;0845;1821;2143;1680;01612;4648.80016N;00950.67003E;29.0;0.4795;0.4432;0.3932;0.69;0.98
2024-06-18;07:03:09;+29;0844;2252;2616;2038;01614;4648.80141N;00950.66946E;34.3;0.4632;0.4185;0.3585;0.89;0.98
2024-06-18;07:03:26;+29;0844;2253;2616;2036;0000M;4648.80115N;00950.66904E;34.4;0.4638;0.4191;0.3596;0.89;0.98
2024-06-18;07:03:46;+29;0844;2255;2609;2041;01618;4648.80052N;00950.66923E;34.4;0.4642;0.4214;0.3589;0.90;0.97
2024-06-18;07:36:08;+33;0844;2356;2692;2094;01610;4648.80101N;00950.66928E;39.9;0.5213;0.4725;0.4005;0.92;0.97
2024-06-18;07:36:25;+33;0844;2358;2693;2097;01610;4648.80088N;00950.66934E;40.0;0.5215;0.4728;0.4000;0.92;0.97
2024-06-18;07:36:40;+33;0844;2355;2695;2083;01609;4648.80093N;00950.66920E;40.0;0.5229;0.4728;0.4047;0.89;0.98
2024-06-18;08:01:36;+35;0844;2344;2657;2051;01621;4648.80097N;00950.67096E;44.2;0.5841;0.5313;0.4555;0.87;0.97
2024-06-18;08:02:00;+35;0844;2298;2602;2012;01619;4648.80132N;00950.67117E;44.3;0.5989;0.5467;0.4695;0.85;0.97
2024-06-18;08:02:13;+35;0844;2270;2575;1987;01617;4648.80098N;00950.67065E;44.3;0.6079;0.5544;0.4786;0.83;0.98
2024-06-18;08:32:59;+36;0844;1944;2187;1679;01617;4648.80156N;00950.67072E;49.4;0.7920;0.7349;0.6536;0.67;0.98
2024-06-18;08:33:17;+36;0844;2092;2354;1804;01627;4648.80052N;00950.67114E;49.4;0.7369;0.6796;0.5995;0.72;0.98
2024-06-18;08:33:46;+36;0844;2099;2361;1814;01623;4648.80012N;00950.67061E;49.5;0.7354;0.6782;0.5961;0.73;0.98
2024-06-18;09:31:11;+34;0844;2383;2668;2036;01616;4648.80138N;00950.66937E;58.1;0.7322;0.6652;0.5753;0.84;0.98
2024-06-18;09:31:42;+34;0844;2465;2769;2113;01616;4648.80085N;00950.66981E;58.2;0.7041;0.6342;0.5443;0.90;0.98
2024-06-18;09:32:09;+34;0844;2411;2696;2068;01617;4648.80115N;00950.66975E;58.2;0.7235;0.6574;0.5630;0.87;0.97
2024-06-18;10:33:39;+39;0844;2532;2814;2152;01616;4648.80115N;00950.66733E;64.9;0.7365;0.6678;0.5678;0.91;0.97
2024-06-18;10:34:27;+39;0844;2492;2769;2124;01615;4648.80106N;00950.66925E;64.9;0.7514;0.6827;0.5800;0.90;0.97
2024-06-18;11:01:42;+40;0844;2343;2589;1953;01616;4648.80192N;00950.66932E;66.3;0.8181;0.7531;0.6641;0.73;0.98
2024-06-18;11:02:13;+40;0844;2461;2718;2066;01614;4648.80108N;00950.66978E;66.4;0.7732;0.7086;0.6126;0.81;0.97
2024-06-19;07:07:03;+22;0843;1611;1863;1437;01615;4648.80110N;00950.66733E;34.9;0.6655;0.6215;0.5657;0.57;0.99
2024-06-19;07:07:20;+22;0843;1607;1856;1433;01613;4648.80082N;00950.66862E;35.0;0.6679;0.6245;0.5680;0.56;0.98
2024-06-19;07:07:49;+22;0843;1633;1886;1462;01615;4648.80104N;00950.66940E;35.1;0.6604;0.6168;0.5578;0.59;0.98
2024-06-19;07:32:08;+33;0843;1753;1997;1537;01615;4648.80070N;00950.66832E;39.2;0.6983;0.6529;0.5891;0.59;0.98
2024-06-19;07:32:23;+33;0843;1755;2000;1538;01617;4648.80098N;00950.66814E;39.3;0.6984;0.6526;0.5893;0.59;0.98
2024-06-19;08:01:27;+33;0842;1913;2155;1649;01611;4648.80090N;00950.66959E;44.2;0.7254;0.6768;0.6071;0.62;0.98
2024-06-19;14:9.:00;+33;0842;1914;2161;1657;01617;4648.80165N;00950.66869E;35.6;0.5779;0.5462;0.4924;0.56;0.96
2024-06-19;08:02:15;+33;0842;1912;2155;1661;01617;4648.80182N;00950.66933E;44.3;0.7278;0.6787;0.6037;0.65;0.97
2024-06-19;08:33:08;+34;0843;2040;2282;1742;01621;4648.80075N;00950.67052E;49.4;0.7555;0.7026;0.6256;0.66;0.97
2024-06-19;08:33:33;+34;0843;2033;2275;1739;01620;4648.80221N;00950.67283E;49.5;0.7590;0.7058;0.6276;0.66;0.97
2024-06-19;09:26:54;+37;0843;2250;2508;1906;01621;4648.80129N;00950.66977E;57.5;0.7748;0.7123;0.6267;0.74;0.98
2024-06-19;09:27:33;+36;0843;2267;2521;1915;01620;4648.80135N;00950.66990E;57.6;0.7693;0.7087;0.6234;0.73;0.98
2024-06-19;09:27:54;+36;0843;2251;2506;1912;01620;4648.80144N;00950.66981E;57.6;0.7758;0.7142;0.6251;0.75;0.97
2024-06-19;10:00:25;+37;0843;2363;2623;1995;01612;4648.80034N;00950.67134E;61.7;0.7731;0.7088;0.6172;0.78;0.98
2024-06-19;10:00:50;+37;0843;2363;2623;1993;01613;4648.80278N;00950.67054E;61.8;0.7735;0.7092;0.6184;0.78;0.98
2024-06-19;10:01:14;+37;0843;2353;2615;1992;01615;4648.80241N;00950.66992E;61.8;0.7776;0.7122;0.6192;0.79;0.98
2024-06-19;10:31:38;+38;0843;2449;2717;2059;01620;4648.80282N;00950.66830E;64.7;0.7656;0.6985;0.6069;0.81;0.98
2024-06-19;10:32:04;+38;0843;2434;2695;2050;01619;4648.80269N;00950.66924E;64.8;0.7714;0.7061;0.6110;0.81;0.97
2024-06-19;10:32:27;+38;0843;2437;2690;2055;01619;4648.80273N;00950.66952E;64.8;0.7705;0.7079;0.6090;0.82;0.97
2024-06-19;11:02:35;+39;0843;2417;2684;2039;01617;4648.80301N;00950.67245E;66.4;0.7899;0.7202;0.6247;0.82;0.98
2024-06-19;11:02:49;+39;0843;2408;2663;2036;01620;4648.80437N;00950.67247E;66.4;0.7934;0.7275;0.6261;0.82;0.97
2024-06-19;11:03:10;+39;0843;2412;2667;2037;01620;4648.80192N;00950.67097E;66.4;0.7919;0.7262;0.6257;0.82;0.97
2024-06-19;13:58:38;+28;0844;2115;2370;1790;01617;4648.80124N;00950.66878E;50.5;0.7422;0.6862;0.6157;0.65;0.99
2024-06-19;14:15:04;+25;0844;2004;2258;1720;01620;4648.79927N;00950.66840E;47.8;0.7467;0.6913;0.6185;0.66;0.98
2024-06-19;14:29:37;+25;0844;1977;2222;1697;01621;4648.80056N;00950.67042E;45.4;0.7212;0.6720;0.6015;0.63;0.98
2024-06-19;14:47:15;+24;0844;1872;2119;1603;01623;4648.80096N;00950.67175E;42.5;0.7121;0.6639;0.6052;0.57;0.99
2024-06-19;14:57:48;+25;0844;1604;1817;1377;01618;4648.80054N;00950.66951E;40.7;0.7827;0.7378;0.6811;0.48;0.99
2024-07-05;07:02:44;+24;0843;2345;2710;2079;01608;4648.79399N;00950.67766E;33.2;0.4232;0.3842;0.3353;0.81;0.98
2024-07-05;07:03:13;+24;0843;2344;2698;2060;01598;4648.79282N;00950.67687E;33.3;0.4248;0.3877;0.3412;0.76;0.99
2024-07-05;07:03:26;+24;0843;2350;2699;2064;01598;4648.79247N;00950.67610E;33.3;0.4240;0.3880;0.3405;0.76;0.98
2024-07-05;07:44:43;+26;0843;2497;2817;2157;01604;4648.79501N;00950.66681E;40.4;0.4895;0.4478;0.3850;0.84;0.97
2024-07-05;07:44:53;+26;0843;2488;2807;2152;01605;4648.79429N;00950.66894E;40.4;0.4922;0.4504;0.3868;0.84;0.97
2024-07-05;07:45:02;+26;0843;2499;2823;2150;01604;4648.79378N;00950.67047E;40.4;0.4897;0.4470;0.3876;0.81;0.98
2024-07-05;08:05:26;+27;0843;2481;2787;2106;01601;4648.78948N;00950.68985E;43.9;0.5392;0.4934;0.4330;0.76;0.98
2024-07-05;08:05:35;+27;0843;2468;2757;2106;01601;4648.78975N;00950.68917E;43.9;0.5432;0.5011;0.4333;0.79;0.96
2024-07-05;08:38:23;+27;0843;2604;2905;2197;01616;4648.79106N;00950.68536E;49.2;0.5679;0.5173;0.4476;0.83;0.98
2024-07-05;08:38:53;+27;0843;2605;2900;2207;01615;4648.79637N;00950.67178E;49.3;0.5685;0.5194;0.4448;0.85;0.97
2024-07-05;09:06:46;+28;0843;2633;2924;2201;01613;4648.79215N;00950.68017E;53.6;0.6049;0.5511;0.4786;0.82;0.98
2024-07-05;09:06:57;+28;0843;2648;2934;2225;01606;4648.79372N;00950.67534E;53.6;0.6006;0.5485;0.4701;0.85;0.97
2024-07-05;09:07:10;+28;0843;2645;2931;2226;0000M;4648.79613N;00950.66625E;53.7;0.6019;0.5496;0.4699;0.86;0.97
2024-07-05;09:07:26;+28;0843;2638;2913;2222;01606;4648.79470N;00950.67638E;53.7;0.6044;0.5549;0.4717;0.86;0.96
2024-07-05;09:28:21;+26;0843;2685;2973;2231;01604;4648.79531N;00950.66870E;56.7;0.6181;0.5622;0.4883;0.82;0.98
2024-07-05;09:28:40;+26;0843;2669;2948;2229;01610;4648.79603N;00950.67196E;56.8;0.6235;0.5696;0.4893;0.84;0.97
2024-07-05;09:28:54;+26;0842;2687;2976;2236;01603;4648.79755N;00950.66545E;56.8;0.6183;0.5621;0.4870;0.83;0.98
2024-07-05;09:29:16;+26;0843;2666;2946;2227;01607;4648.79594N;00950.66556E;56.8;0.6251;0.5708;0.4906;0.84;0.97
2024-07-09;07:35:58;+23;0846;2306;2667;2058;01604;4648.79232N;00950.67611E;38.5;0.5130;0.4601;0.3964;0.90;0.99
2024-07-09;07:36:20;+23;0846;2312;2661;2064;0000M;4648.79126N;00950.67905E;38.6;0.5123;0.4623;0.3953;0.90;0.98
2024-07-09;08:03:12;+23;0846;2369;2704;2078;01607;4648.78925N;00950.69041E;43.1;0.5604;0.5054;0.4350;0.88;0.98
2024-07-09;08:03:21;+23;0846;2365;2700;2076;01606;4648.79059N;00950.68574E;43.1;0.5619;0.5067;0.4359;0.88;0.98
2024-07-09;08:03:32;+23;0846;2366;2687;2101;01607;4648.79164N;00950.68250E;43.1;0.5620;0.5103;0.4280;0.95;0.96
2024-07-09;10:10:14;+31;0846;2532;2841;2154;01603;4648.79307N;00950.67032E;61.4;0.7083;0.6352;0.5470;0.90;0.99
2024-07-09;10:10:22;+31;0846;2525;2825;2163;01605;4648.79300N;00950.67368E;61.4;0.7108;0.6403;0.5434;0.94;0.98
2024-07-09;10:10:31;+31;0846;2518;2820;2155;01606;4648.79301N;00950.67686E;61.4;0.7134;0.6419;0.5467;0.93;0.98
2024-07-10;07:14:43;+23;0847;2059;2438;1920;01608;4648.79326N;00950.67591E;34.8;0.5207;0.4641;0.3970;0.95;0.99
2024-07-10;07:14:55;+24;0847;2054;2439;1914;01606;4648.79342N;00950.67435E;34.8;0.5227;0.4643;0.3992;0.94;0.99
2024-07-10;07:15:05;+24;0847;2053;2429;1920;01608;4648.79343N;00950.67321E;34.8;0.5235;0.4671;0.3977;0.96;0.98
2024-07-10;07:39:50;+25;0846;2152;2521;1962;01610;4648.79377N;00950.67111E;39.0;0.5647;0.5024;0.4321;0.93;0.99
2024-07-10;07:40:02;+25;0846;2141;2492;1978;01609;4648.79246N;00950.67541E;39.1;0.5684;0.5101;0.4274;0.99;0.97
2024-07-10;07:40:16;+25;0846;2144;2486;1967;01609;4648.79235N;00950.67586E;39.1;0.5682;0.5121;0.4313;0.96;0.97
2024-07-10;07:40:30;+25;0846;2141;2494;1973;01610;4648.79252N;00950.67507E;39.2;0.5697;0.5106;0.4298;0.98;0.98
2024-07-10;08:40:28;+25;0846;2336;2669;2057;01612;4648.79517N;00950.67746E;49.0;0.6473;0.5794;0.4958;0.93;0.98
2024-07-10;08:40:37;+25;0846;2324;2659;2057;01615;4648.79401N;00950.68059E;49.1;0.6515;0.5825;0.4960;0.95;0.98
2024-07-10;08:40:48;+25;0846;2323;2655;2051;01618;4648.79444N;00950.68149E;49.1;0.6522;0.5839;0.4985;0.94;0.98
2024-07-10;09:09:09;+24;0846;2300;2601;1998;01608;4648.79281N;00950.67384E;53.4;0.7113;0.6434;0.5550;0.86;0.98
2024-07-10;09:09:22;+24;0846;1996;2245;1741;01603;4648.79309N;00950.66802E;53.5;0.8255;0.7619;0.6659;0.75;0.97
2024-07-10;09:09:39;+25;0846;2295;2630;2008;01605;4648.79361N;00950.67009E;53.5;0.7139;0.6352;0.5516;0.90;0.99
2024-07-10;09:09:54;+25;0846;2211;2521;1952;01605;4648.79356N;00950.67138E;53.5;0.7443;0.6696;0.5747;0.90;0.98
2024-07-11;07:10:34;+23;0847;2063;2449;1928;01605;4648.79296N;00950.67641E;33.9;0.5055;0.4499;0.3851;0.95;0.99
2024-07-11;07:10:47;+23;0847;2067;2449;1928;01612;4648.79343N;00950.67098E;34.0;0.5051;0.4504;0.3855;0.94;0.99
2024-07-11;07:11:00;+23;0847;2055;2423;1926;01613;4648.79293N;00950.67087E;34.0;0.5090;0.4569;0.3866;0.96;0.98
2024-07-11;07:28:45;+24;0846;2136;2502;1966;01615;4648.79552N;00950.66543E;37.0;0.5376;0.4807;0.4092;0.95;0.98
2024-07-11;07:29:00;+24;0846;2145;2510;1974;01614;4648.79397N;00950.67132E;37.1;0.5357;0.4793;0.4072;0.96;0.98
2024-07-11;07:55:50;+24;0846;2232;2592;2013;01608;4648.80038N;00950.65215E;41.6;0.5802;0.5169;0.4424;0.94;0.99
2024-07-11;07:56:09;+24;0846;2231;2587;2011;01609;4648.79821N;00950.66028E;41.7;0.5813;0.5189;0.4436;0.94;0.99
2024-07-11;07:56:23;+24;0846;2234;2591;2010;01611;4648.79708N;00950.66498E;41.7;0.5809;0.5183;0.4444;0.93;0.99
2024-07-11;08:12:12;+27;0846;2260;2614;2029;01603;4648.79297N;00950.68207E;44.3;0.6103;0.5434;0.4636;0.96;0.99
2024-07-11;08:12:28;+27;0846;2264;2613;2022;01605;4648.78812N;00950.69319E;44.4;0.6097;0.5442;0.4664;0.93;0.99
2024-07-11;08:12:40;+27;0846;2263;2611;2024;0000M;4648.78814N;00950.69303E;44.4;0.6105;0.5451;0.4660;0.94;0.99
2024-07-11;08:39:59;+27;0846;2309;2646;2052;01608;4648.79506N;00950.67506E;48.8;0.6538;0.5839;0.4961;0.96;0.98
2024-07-11;08:40:18;+27;0846;2303;2639;2050;01612;4648.80000N;00950.66350E;48.9;0.6564;0.5865;0.4972;0.97;0.98
2024-07-11;08:40:32;+27;0846;2288;2629;2030;01616;4648.80464N;00950.65183E;48.9;0.6617;0.5897;0.5049;0.94;0.99
2024-07-11;08:53:34;+27;0846;2318;2644;2057;01603;4648.79556N;00950.66839E;51.0;0.6766;0.6062;0.5120;0.97;0.98
2024-07-11;08:53:57;+27;0846;2311;2644;2049;01598;4648.79789N;00950.66217E;51.0;0.6796;0.6068;0.5155;0.96;0.98
2024-07-11;09:15:25;+27;0846;2379;2699;2089;01608;4648.79448N;00950.67437E;54.2;0.6928;0.6210;0.5253;0.96;0.98
2024-07-11;09:15:47;+27;0846;2365;2681;2086;0000M;4648.79402N;00950.66969E;54.3;0.6982;0.6269;0.5269;0.98;0.97
2024-07-11;09:16:06;+27;0846;2367;2693;2087;01602;4648.79409N;00950.66584E;54.3;0.6980;0.6237;0.5268;0.98;0.98
2024-07-11;09:30:17;+27;0846;2371;2696;2072;01618;4648.79072N;00950.68252E;56.3;0.7175;0.6404;0.5472;0.94;0.99
2024-07-11;09:30:29;+27;0846;2370;2703;2072;01619;4648.79001N;00950.68273E;56.3;0.7181;0.6385;0.5474;0.95;0.99
2024-07-11;09:30:42;+27;0846;2364;2689;2074;01619;4648.79007N;00950.68280E;56.4;0.7205;0.6430;0.5468;0.96;0.98
2024-07-11;10:09:10;+27;0846;2371;2700;2074;01638;4648.79012N;00950.68721E;61.0;0.7628;0.6773;0.5781;0.97;0.99
2024-07-11;10:09:27;+27;0846;2370;2690;2074;01628;4648.79211N;00950.68534E;61.0;0.7634;0.6808;0.5782;0.97;0.98
2024-07-11;10:09:43;+27;0846;2380;2712;2073;01610;4648.79271N;00950.68480E;61.1;0.7600;0.6738;0.5788;0.95;0.99
2024-07-11;10:09:58;+27;0846;2369;2686;2073;01610;4648.79287N;00950.68455E;61.1;0.7643;0.6825;0.5790;0.97;0.98
2024-07-11;10:56:07;+25;0846;2479;2790;2125;01603;4648.79347N;00950.67000E;64.6;0.7527;0.6730;0.5771;0.93;0.99
2024-07-11;10:56:29;+26;0845;2472;2778;2119;0000M;4648.79262N;00950.66849E;64.6;0.7556;0.6771;0.5798;0.92;0.98
2024-07-11;10:56:48;+26;0845;2460;2758;2128;0000M;4648.79345N;00950.66943E;64.6;0.7601;0.6837;0.5761;0.96;0.97
2024-07-15;06:34:15;+24;0844;1834;2246;1825;01603;4648.79380N;00950.68307E;27.2;0.1229;0.0979;0.0806;1.48;1.00
2024-07-15;06:34:26;+24;0844;1836;2238;1835;01596;4648.79394N;00950.68081E;27.3;0.1227;0.0997;0.0783;1.57;0.99
2024-07-15;06:34:44;+25;0844;1847;2269;1827;0000M;4648.79302N;00950.68210E;27.3;0.1205;0.0938;0.0805;1.41;0.99
2024-07-15;07:01:46;+25;0844;1983;2371;1872;01612;4648.79783N;00950.65458E;32.0;0.1261;0.1004;0.0903;1.17;0.97
2024-07-15;07:02:00;+25;0844;1993;2387;1882;01613;4648.79696N;00950.65888E;32.0;0.1238;0.0971;0.0877;1.21;0.96
2024-07-15;07:02:22;+25;0844;1985;2360;1889;01613;4648.79483N;00950.66822E;32.1;0.1264;0.1034;0.0860;1.35;1.00
2024-07-15;07:02:46;+25;0844;1985;2374;1904;01610;4648.79321N;00950.67417E;32.1;0.1270;0.1007;0.0821;1.53;1.00
2024-07-15;07:23:42;+27;0844;2099;2474;1933;01610;4648.79329N;00950.67372E;35.7;0.1226;0.0963;0.0878;1.17;0.95
2024-07-15;07:24:16;+27;0844;2101;2466;1957;01612;4648.79927N;00950.65515E;35.8;0.1227;0.0987;0.0810;1.45;1.00
2024-07-15;07:43:05;+27;0844;2171;2540;1996;01611;4648.79371N;00950.67276E;39.0;0.1237;0.0952;0.0798;1.53;0.99
2024-07-15;07:43:27;+27;0844;2178;2545;1989;01611;4648.79373N;00950.67206E;39.1;0.1220;0.0942;0.0822;1.38;0.98
2024-07-15;07:43:47;+27;0844;2162;2525;1962;01611;4648.79172N;00950.67773E;39.1;0.1270;0.0994;0.0910;1.17;0.94
2024-07-15;08:03:26;+28;0843;2189;2540;2011;01604;4648.79149N;00950.68108E;42.4;0.1388;0.1094;0.0854;1.69;1.00
2024-07-15;08:04:00;+29;0843;2184;2537;1975;01602;4648.79097N;00950.68080E;42.5;0.1409;0.1105;0.0979;1.28;0.97
2024-07-15;08:04:19;+29;0843;2192;2519;2014;01601;4648.79133N;00950.67932E;42.6;0.1387;0.1156;0.0848;1.71;0.97
2024-07-15;08:18:44;+27;0843;2234;2586;2017;01619;4648.79296N;00950.68297E;44.9;0.1386;0.1066;0.0905;1.49;0.99
2024-07-15;08:19:01;+28;0843;2240;2593;2015;01615;4648.79336N;00950.67821E;45.0;0.1369;0.1049;0.0914;1.42;0.98
2024-07-15;08:19:21;+28;0843;2243;2596;2029;0000M;4648.79181N;00950.68193E;45.0;0.1363;0.1043;0.0866;1.59;0.99
2024-07-15;08:32:16;+28;0843;2289;2634;2058;01624;4648.80768N;00950.64002E;47.1;0.1320;0.1009;0.0817;1.68;1.00
2024-07-15;08:32:45;+28;0843;2269;2595;2045;01615;4648.80003N;00950.65905E;47.2;0.1388;0.1121;0.0865;1.65;0.99
2024-07-15;08:48:47;+28;0843;2300;2638;2055;01661;4648.78581N;00950.71386E;49.7;0.1405;0.1081;0.0890;1.60;1.00
2024-07-15;08:49:05;+28;0843;2301;2641;2051;01638;4648.79212N;00950.69703E;49.8;0.1404;0.1074;0.0906;1.54;0.99
2024-07-15;08:49:19;+28;0843;2309;2655;2053;01640;4648.79216N;00950.69859E;49.8;0.1379;0.1035;0.0899;1.50;0.97
2024-07-15;09:00:32;+28;0843;2336;2681;2071;01614;4648.79256N;00950.67703E;51.5;0.1362;0.1009;0.0870;1.57;0.97
2024-07-15;09:01:11;+28;0843;2352;2684;2083;01608;4648.79431N;00950.67297E;51.6;0.1313;0.1003;0.0827;1.62;1.00
2024-08-06;07:03:54;+21;0842;2148;2542;1987;01615;4648.80116N;00950.66997E;29.0;0.0661;0.0524;0.0508;0.93;0.86
2024-08-06;07:04:17;+22;0842;2153;2544;1986;01615;4648.80113N;00950.67036E;29.1;0.0654;0.0524;0.0513;0.86;0.83
2024-08-06;07:04:33;+22;0842;2146;2535;1996;0000M;4648.80112N;00950.67017E;29.1;0.0674;0.0543;0.0490;1.12;0.97
2024-08-06;07:32:10;+29;0842;2272;2633;2061;01618;4648.80238N;00950.66907E;33.8;0.0684;0.0554;0.0479;1.25;0.99
2024-08-06;07:32:25;+29;0842;2249;2610;2041;01617;4648.80233N;00950.66935E;33.8;0.0743;0.0605;0.0534;1.16;0.99
2024-08-06;07:32:36;+29;0842;2259;2620;2048;01618;4648.80227N;00950.66949E;33.9;0.0720;0.0585;0.0516;1.17;0.99
2024-08-06;07:59:36;+33;0841;2349;2700;2103;01612;4648.80143N;00950.67074E;38.3;0.0744;0.0580;0.0487;1.48;0.99
2024-08-06;07:59:56;+33;0841;2356;2703;2095;0000M;4648.79998N;00950.67030E;38.4;0.0728;0.0575;0.0512;1.24;0.97
2024-08-06;08:00:07;+33;0841;2355;2700;2096;01612;4648.80045N;00950.67123E;38.4;0.0733;0.0583;0.0510;1.27;0.98
2024-08-06;08:29:35;+35;0841;2422;2755;2126;01620;4648.80210N;00950.67160E;43.1;0.0775;0.0604;0.0531;1.33;0.98
2024-08-06;08:29:54;+35;0841;2425;2763;2128;01621;4648.80163N;00950.67103E;43.1;0.0769;0.0586;0.0526;1.34;0.95
2024-08-06;08:30:09;+35;0841;2424;2755;2124;01622;4648.80109N;00950.67010E;43.2;0.0774;0.0607;0.0540;1.27;0.97
2024-08-06;08:59:53;+31;0841;2492;2816;2154;01612;4648.80055N;00950.66926E;47.6;0.0759;0.0573;0.0532;1.25;0.91
2024-08-06;09:00:27;+31;0841;2493;2805;2161;01607;4648.80078N;00950.66664E;47.7;0.0759;0.0604;0.0510;1.39;1.00
2024-08-06;09:00:52;+31;0841;2496;2815;2168;01608;4648.80043N;00950.66653E;47.8;0.0753;0.0579;0.0487;1.52;0.99
2024-08-06;09:30:59;+32;0841;2530;2835;2174;01617;4648.80039N;00950.66981E;51.8;0.0792;0.0622;0.0537;1.36;0.99
2024-08-06;09:31:18;+32;0841;2533;2844;2188;01621;4648.79835N;00950.67198E;51.8;0.0784;0.0598;0.0487;1.67;1.00
2024-08-06;09:31:41;+32;0841;2526;2829;2171;01621;4648.79838N;00950.67037E;51.9;0.0808;0.0640;0.0549;1.35;0.99
2024-08-06;10:04:13;+32;0841;2572;2867;2193;01618;4648.80415N;00950.66929E;55.5;0.0775;0.0609;0.0525;1.37;0.99
2024-08-06;10:04:29;+32;0841;2573;2882;2195;01617;4648.80336N;00950.66927E;55.6;0.0773;0.0567;0.0518;1.41;0.92
2024-08-06;10:04:52;+32;0841;2576;2882;2194;01616;4648.80270N;00950.66938E;55.6;0.0764;0.0568;0.0522;1.34;0.92
2024-08-06;10:34:02;+33;0841;2595;2889;2205;01620;4648.80160N;00950.66874E;58.0;0.0768;0.0591;0.0513;1.42;0.98
2024-08-06;10:34:17;+33;0841;2590;2882;2198;0000M;4648.80190N;00950.66795E;58.0;0.0785;0.0612;0.0540;1.31;0.97
2024-08-06;10:34:29;+33;0841;2592;2893;2200;01624;4648.80179N;00950.66769E;58.0;0.0779;0.0580;0.0533;1.34;0.92
2024-08-06;12:08:51;+32;0841;2542;2843;2182;01615;4648.80218N;00950.66677E;58.2;0.0949;0.0731;0.0605;1.58;1.00
2024-08-06;12:09:25;+32;0841;2542;2853;2177;01614;4648.80212N;00950.66892E;58.2;0.0948;0.0700;0.0624;1.47;0.95
2024-08-06;12:33:53;+33;0841;2516;2818;2160;01619;4648.80293N;00950.66915E;56.3;0.0979;0.0767;0.0662;1.38;0.99
2024-08-06;12:34:07;+33;0841;2519;2834;2164;01618;4648.80301N;00950.66887E;56.3;0.0969;0.0720;0.0646;1.43;0.94
2024-08-06;12:34:20;+33;0841;2527;2839;2167;01617;4648.80311N;00950.66901E;56.2;0.0942;0.0704;0.0634;1.39;0.94
2024-08-06;13:01:18;+35;0841;2477;2800;2140;00001;4648.80262N;00950.66871E;53.4;0.1016;0.0758;0.0691;1.36;0.93
2024-08-06;13:01:31;+35;0841;2483;2793;2143;00049;4648.80278N;00950.66911E;53.4;0.0996;0.0777;0.0679;1.34;0.98
2024-08-06;13:01:48;+35;0841;2480;2798;2145;01630;4648.80306N;00950.66940E;53.4;0.1004;0.0762;0.0671;1.42;0.97
2024-08-06;13:34:31;+35;0841;2422;2741;2121;01621;4648.80255N;00950.67078E;49.2;0.1035;0.0818;0.0680;1.47;1.00
2024-08-06;13:34:47;+35;0840;2428;2745;2124;01621;4648.80281N;00950.67053E;49.2;0.1017;0.0807;0.0669;1.46;1.00
2024-08-06;14:30:19;+33;0840;2056;2368;1846;01620;4648.80234N;00950.67220E;40.9;0.1750;0.1528;0.1406;0.77;0.99
2024-08-06;14:30:28;+33;0840;2079;2395;1869;01619;4648.80227N;00950.67173E;40.9;0.1675;0.1453;0.1324;0.83;0.99
2024-08-06;14:30:39;+33;0840;2061;2377;1863;01619;4648.80205N;00950.67147E;40.8;0.1730;0.1501;0.1344;0.89;1.00
2024-08-06;15:00:29;+33;0840;2103;2466;1947;01620;4648.80082N;00950.66956E;36.0;0.1272;0.1030;0.0880;1.29;1.00
2024-08-06;15:00:40;+32;0840;2111;2477;1943;01621;4648.80089N;00950.66954E;36.0;0.1248;0.1002;0.0891;1.18;0.98
2024-08-06;15:00:53;+32;0840;2114;2477;1947;01619;4648.80146N;00950.66889E;35.9;0.2851;0.1001;0.0877;4.17;0.85
2024-08-09;13:03:37;+24;0846;2347;2624;1966;01622;4648.80451N;00950.67049E;52.4;0.1405;0.1250;0.1348;0.15;0.14
2024-08-20;10:26:53;+24;0840;0001;0001;0001;01622;4648.80082N;00950.67030E;53.6;3.4464;3.4464;3.4464;-.--;-.--
2024-08-20;10:28:08;+24;0840;2399;2714;2066;01621;4648.80092N;00950.67004E;53.7;0.1327;0.1059;0.1022;0.92;0.87
2024-08-20;10:30:43;+25;0840;2414;2727;2091;01612;4648.80061N;00950.67067E;53.8;0.1283;0.1025;0.0929;1.13;0.96
2024-08-20;10:51:37;+29;0840;2398;2713;2071;01621;4648.79991N;00950.66962E;54.9;0.1374;0.1093;0.1028;1.02;0.91
2024-08-23;08:32:23;+24;0843;2234;2584;1997;01618;4648.79995N;00950.66711E;39.9;0.1187;0.0957;0.0901;0.97;0.92
2024-08-23;08:46:10;+28;0843;2277;2609;2032;01622;4648.80087N;00950.66904E;41.9;0.1174;0.0973;0.0849;1.13;1.00
2024-08-23;09:02:01;+29;0843;2305;2634;2034;01606;4648.79510N;00950.66903E;44.0;0.1204;0.0989;0.0905;1.00;0.96
2024-08-23;09:16:38;+28;0843;2317;2636;2035;01622;4648.80141N;00950.66698E;45.9;0.1261;0.1050;0.0955;0.98;0.98
2024-08-23;09:36:24;+28;0843;2355;2674;2062;01612;4648.80052N;00950.66922E;48.2;0.1250;0.1023;0.0919;1.08;0.98
2024-08-23;09:51:07;+29;0843;2380;2705;2071;01610;4648.80011N;00950.66974E;49.8;0.1237;0.0983;0.0923;1.03;0.92
2024-08-23;10:00:55;+29;0843;2379;2697;2075;01611;4648.79971N;00950.67044E;50.7;0.1279;0.1032;0.0930;1.12;0.97
2024-08-23;10:17:02;+29;0843;2381;2697;2073;01608;4648.79966N;00950.66917E;52.0;0.1326;0.1070;0.0967;1.11;0.97
2024-08-23;10:25:11;+28;0843;2390;2706;2078;01610;4648.80024N;00950.66977E;52.6;0.1319;0.1060;0.0961;1.11;0.96
2024-08-23;10:33:59;+29;0843;2383;2696;2065;01613;4648.79958N;00950.66901E;53.1;0.1363;0.1104;0.1022;1.01;0.95
2024-08-23;11:53:33;+25;0843;2304;2612;1992;01619;4648.80068N;00950.66943E;53.6;0.1656;0.1374;0.1324;0.79;0.89
2024-08-23;15:2.:00;+27;0843;2292;2596;2005;01612;4648.80046N;00950.66939E;28.6;0.0352;0.0435;0.0482;-.--;-.--
2024-08-23;12:15:55;+32;0843;2258;2578;1981;01609;4648.80016N;00950.66905E;52.4;0.1763;0.1440;0.1336;0.98;0.95
2024-08-23;12:29:00;+33;0843;2261;2589;2010;01612;4648.79934N;00950.66936E;51.4;0.1708;0.1374;0.1196;1.25;0.99
2024-08-23;12:43:08;+27;0843;2244;2560;1977;01609;4648.79973N;00950.66850E;50.2;0.1708;0.1419;0.1290;0.98;0.98
2024-08-23;12:56:31;+32;0843;2238;2571;1986;01613;4648.79944N;00950.66843E;48.9;0.1662;0.1338;0.1217;1.10;0.96
2024-08-23;13:13:42;+32;0843;2270;2597;2027;01611;4648.80069N;00950.66953E;46.9;0.1460;0.1195;0.1011;1.29;1.00
2024-08-23;13:29:49;+32;0843;2251;2576;2023;01613;4648.79960N;00950.66924E;44.9;0.1418;0.1179;0.0969;1.33;1.00
2024-08-23;13:45:52;+33;0843;2221;2559;2025;01610;4648.79973N;00950.66918E;42.8;0.1393;0.1141;0.0900;1.52;0.99
2024-08-23;13:57:26;+33;0843;2201;2545;1989;01613;4648.79993N;00950.66823E;41.2;0.1360;0.1110;0.0969;1.19;0.99
2024-08-23;14:00:47;+33;0843;2172;2520;1968;01610;4648.80009N;00950.66968E;40.7;0.1417;0.1154;0.1023;1.14;0.99
2024-08-29;07:12:55;+23;0849;1658;2080;1733;01612;4648.79248N;00950.67579E;26.1;0.1613;0.1296;0.1035;1.55;1.00
2024-08-29;07:13:09;+23;0849;1659;2082;1721;01605;4648.79369N;00950.67345E;26.1;0.1614;0.1295;0.1068;1.44;1.00
2024-08-29;07:13:23;+23;0849;1664;2092;1728;01605;4648.79322N;00950.67410E;26.1;0.1606;0.1277;0.1053;1.48;1.00
2024-08-29;07:33:40;+23;0849;1803;2217;1807;01611;4648.79063N;00950.68211E;29.5;0.1588;0.1258;0.1035;1.50;1.00
2024-08-29;07:33:57;+23;0849;1803;2219;1803;0000M;4648.79162N;00950.67994E;29.5;0.1592;0.1257;0.1048;1.46;1.00
2024-08-29;07:34:40;+23;0849;1800;2216;1800;01608;4648.79303N;00950.67604E;29.6;0.1612;0.1272;0.1062;1.46;1.00
2024-08-29;07:49:10;+25;0849;1916;2324;1867;01630;4648.78650N;00950.69209E;31.9;0.1509;0.1181;0.0991;1.47;1.00
2024-08-29;07:41:.0;+25;0849;1901;2302;1853;01620;4648.79129N;00950.68001E;31.3;0.1491;0.1189;0.0999;1.40;1.00
2024-08-29;07:49:56;+25;0849;1910;2316;1859;01624;4648.78974N;00950.68664E;32.0;0.1537;0.1207;0.1020;1.44;0.99
2024-08-29;08:00:42;+26;0849;1964;2365;1890;01646;4648.78133N;00950.71056E;33.7;0.1529;0.1194;0.1007;1.46;0.99
2024-08-29;08:00:55;+26;0849;1962;2356;1884;01642;4648.78271N;00950.70467E;33.8;0.1538;0.1217;0.1026;1.42;1.00
2024-08-29;08:01:08;+26;0849;1962;2359;1891;01639;4648.78377N;00950.70015E;33.8;0.1540;0.1212;0.1007;1.49;1.00
2024-08-29;08:55:32;+26;0849;2166;2519;1995;01612;4648.79052N;00950.67574E;41.6;0.1501;0.1210;0.0980;1.49;1.00
2024-08-29;08:56:02;+26;0849;2166;2531;1994;01611;4648.79371N;00950.67052E;41.7;0.1505;0.1182;0.0985;1.48;1.00
2024-08-29;09:22:06;+28;0849;2208;2565;2018;01606;4648.79068N;00950.68034E;44.9;0.1563;0.1223;0.1003;1.55;1.00
2024-08-29;09:22:24;+28;0849;2213;2571;2019;01605;4648.78998N;00950.68069E;45.0;0.1549;0.1208;0.1001;1.53;1.00
2024-08-29;09:22:35;+28;0849;2205;2568;2016;01605;4648.78908N;00950.68151E;45.0;0.1576;0.1217;0.1012;1.55;1.00
2024-08-29;09:39:40;+29;0849;2281;2628;2064;01597;4648.78982N;00950.67006E;46.9;0.1431;0.1120;0.0895;1.64;1.00
2024-08-29;09:40:00;+29;0849;2296;2647;2058;01607;4648.79095N;00950.67490E;46.9;0.1385;0.1069;0.0917;1.45;0.99
2024-08-29;09:40:23;+29;0849;2296;2644;2065;01589;4648.79197N;00950.66130E;46.9;0.1387;0.1078;0.0893;1.54;1.00
2024-08-29;09:53:42;+28;0849;2308;2669;2073;01594;4648.79266N;00950.66653E;48.2;0.1411;0.1052;0.0897;1.59;0.98
2024-08-29;09:53:57;+28;0849;2308;2654;2061;01600;4648.79234N;00950.66979E;48.3;0.1412;0.1095;0.0941;1.42;0.99
2024-08-29;09:54:15;+28;0849;2312;2657;2068;01595;4648.79151N;00950.66885E;48.3;0.1400;0.1087;0.0916;1.49;0.99
2024-08-29;10:11:16;+28;0849;2295;2623;2066;01610;4648.79382N;00950.67342E;49.7;0.1522;0.1231;0.0958;1.62;0.99
2024-08-29;10:11:29;+28;0849;2310;2662;2032;01607;4648.79418N;00950.67178E;49.7;0.1474;0.1119;0.1085;1.08;0.84
2024-08-29;10:11:38;+28;0849;2327;2671;2073;01608;4648.79430N;00950.67159E;49.7;0.1418;0.1094;0.0933;1.47;0.99
2024-08-29;11:32:49;+25;0848;2206;2548;1985;01611;4648.79369N;00950.66433E;52.1;0.1947;0.1540;0.1332;1.33;0.99
2024-08-29;11:33:07;+26;0848;2231;2575;2016;01608;4648.79665N;00950.66640E;52.1;0.1858;0.1457;0.1210;1.50;1.00
2024-08-29;11:33:20;+26;0848;2207;2543;1991;01608;4648.79627N;00950.66638E;52.1;0.1943;0.1555;0.1308;1.39;1.00
2024-08-29;11:33:29;+26;0848;2213;2555;2011;01610;4648.79557N;00950.66592E;52.1;0.1922;0.1518;0.1229;1.56;1.00
2024-08-29;12:12:35;+28;0848;2238;2593;2024;01609;4648.79452N;00950.67200E;50.5;0.1755;0.1347;0.1136;1.52;0.99
2024-08-29;12:13:49;+29;0848;2257;2612;2038;0000M;4648.78481N;00950.65994E;50.4;0.1686;0.1288;0.1081;1.56;0.99
2024-09-25;13:51:31;+24;0959;0006;0007;0007;00492;4722.63915N;00832.88808E;30.9;3.0890;3.0885;2.9633;0.14;0.73
2024-09-25;13:52:17;+24;0959;0526;0617;0460;00484;4722.64185N;00832.89957E;30.8;0.7892;0.7861;0.8118;-.--;-.--
2024-09-25;13:55:45;+24;0959;0001;0002;0001;00487;4722.64194N;00832.90392E;30.4;3.9442;3.6723;3.9001;0.05;0.03
2024-09-25;13:56:02;+24;0959;0325;0370;0274;00484;4722.64159N;00832.90338E;30.3;1.0190;1.0320;1.0612;-.--;-.--
2024-09-25;13:56:34;+24;0959;0018;0022;0018;00454;4722.64257N;00832.89800E;30.3;2.4748;2.4522;2.4312;0.06;1.00
2024-09-25;13:57:42;+25;0959;0760;0899;0690;00456;4722.64287N;00832.89436E;30.1;0.5851;0.5793;0.5906;-.--;-.--
2024-09-25;14:00:15;+26;0959;1709;2059;1615;00461;4722.64641N;00832.91315E;29.8;0.1749;0.1607;0.1615;0.28;0.73
2024-09-25;14:01:08;+26;0959;0867;1042;0821;00473;4722.64350N;00832.90838E;29.7;0.5097;0.4970;0.4958;0.10;0.84
2024-09-27;06:38:00;+22;0958;1282;1799;1584;00455;4724.50420N;00833.49812E;12.1;0.0273;0.0305;0.0290;-.--;-.--
2024-10-05;09:58:06;+20;0968;2268;2677;2093;00598;4724.48183N;00833.52833E;35.0;0.0694;0.0547;0.0520;1.02;0.89
2024-10-21;11:44:03;+21;0965;2140;2564;2011;00554;4724.42850N;00830.46600E;31.1;0.0797;0.0654;0.0650;0.72;0.80
2024-10-21;11:46:00;+22;0965;2136;2563;2007;00568;4724.42948N;00830.47410E;31.1;0.0802;0.0653;0.0658;0.70;0.75
2024-10-21;12:18:43;+23;0965;2043;2472;1951;00547;4724.42564N;00830.46982E;29.7;0.0911;0.0757;0.0739;0.74;0.85
2024-10-21;12:48:48;+24;0964;2010;2440;1922;00583;4724.42270N;00830.47214E;27.6;0.0813;0.0698;0.0715;0.46;0.65
2024-10-21;12:49:00;+24;0964;2010;2445;1920;00590;4724.42176N;00830.47282E;27.6;0.0812;0.0688;0.0719;0.44;0.53
2024-10-21;13:17:01;+23;0964;1931;2369;1880;00567;4724.42417N;00830.47365E;25.1;0.0760;0.0669;0.0685;0.37;0.61
2024-10-21;13:17:38;+23;0964;1913;2355;1863;00555;4724.42512N;00830.47271E;25.1;0.0794;0.0691;0.0721;0.35;0.48
2024-10-21;13:48:05;+23;0966;1792;2257;1812;00531;4724.46266N;00830.41952E;21.8;0.0709;0.0623;0.0643;0.35;0.55
2024-10-21;13:48:16;+23;0966;1792;2253;1814;00532;4724.46254N;00830.41983E;21.8;0.0707;0.0628;0.0637;0.37;0.67
2024-10-21;14:13:32;+21;0965;1696;2193;1789;00537;4724.46478N;00830.42460E;18.8;0.0541;0.0478;0.0496;0.31;0.49
2024-10-21;14:13:42;+21;0965;1691;2187;1784;00539;4724.46450N;00830.42395E;18.7;0.0548;0.0485;0.0503;0.30;0.48
2024-10-21;14:56:02;+23;0963;1213;1732;1503;00543;4724.41460N;00830.48440E;13.0;0.0581;0.0526;0.0515;0.42;0.89
2024-10-21;14:56:19;+23;0963;1200;1719;1484;00544;4724.39024N;00830.48935E;13.0;0.0598;0.0538;0.0540;0.36;0.75
2024-10-21;15:16:34;+22;0965;0947;1467;1339;00523;4724.44215N;00830.42203E;10.0;0.0453;0.0433;0.0426;0.21;0.94
2024-10-21;15:16:46;+22;0965;0946;1469;1341;00056;4724.44135N;00830.42030E;10.0;0.0448;0.0426;0.0420;0.23;0.92
2024-10-21;15:49:23;+22;0965;0340;0717;0810;00588;4724.49303N;00830.34900E;05.0;0.0185;0.0266;0.0272;-.--;-.--
2024-10-21;15:49:36;+22;0965;0333;0706;0800;00583;4724.49188N;00830.34724E;04.9;0.0189;0.0270;0.0276;-.--;-.--
2024-10-21;15:52:26;+23;0963;0300;0664;0777;00551;4724.49867N;00830.36346E;04.5;0.0091;0.0193;0.0207;-.--;-.--
2024-10-21;52:1.:00;+22;0963;0269;0629;0767;00554;4724.49720N;00830.36949E;00.0;0.0000;0.0000;0.0000;-.--;-.--
2024-10-21;15:55:38;+22;0963;0263;0621;0760;00553;4724.49681N;00830.36806E;04.0;0.0000;0.0090;0.0115;-.--;-.--
2024-10-21;15:56:47;+22;0963;0246;0591;0734;00547;4724.49672N;00830.36213E;03.8;0.0000;0.0066;0.0099;-.--;-.--
2024-10-21;15:57:12;+22;0963;0235;0569;0709;00545;4724.49647N;00830.36240E;03.7;0.0000;0.0070;0.0106;-.--;-.--
2024-10-21;15:57:20;+22;0963;0233;0560;0703;00544;4724.49635N;00830.36225E;03.7;0.0000;0.0074;0.0107;-.--;-.--
2024-10-21;15:57:36;+22;0963;0223;0544;0683;00544;4724.49631N;00830.36207E;03.7;0.0000;0.0079;0.0116;-.--;-.--
2024-10-21;15:58:19;+21;0963;0200;0494;0630;00544;4724.49634N;00830.36226E;03.6;0.0000;0.0101;0.0139;-.--;-.--
2024-10-21;16:00:16;+21;0963;0184;0477;0637;00546;4724.49605N;00830.36350E;03.3;0.0000;0.0013;0.0056;-.--;-.--
2024-10-21;16:02:20;+21;0963;0143;0391;0541;00545;4724.49599N;00830.36107E;02.9;0.0000;0.0000;0.0057;-.--;-.--
2024-10-21;16:02:59;+21;0963;0134;0371;0526;00544;4724.49574N;00830.36172E;02.8;0.0000;0.0000;0.0042;-.--;-.--
2024-10-21;16:04:30;+21;0963;0121;0349;0512;00550;4724.49648N;00830.36255E;02.6;0.0000;0.0000;0.0000;-.--;-.--
2024-10-21;16:05:19;+21;0963;0112;0327;0494;0000M;4724.49565N;00830.36201E;02.4;0.0000;0.0000;0.0000;-.--;-.--
2024-10-21;16:06:16;+21;0963;0098;0294;0454;00543;4724.49666N;00830.36270E;02.3;0.0000;0.0000;0.0000;-.--;-.--
2024-10-21;16:07:15;+21;0963;0088;0272;0432;00546;4724.49612N;00830.36245E;02.1;0.0000;0.0000;0.0000;-.--;-.--
2024-10-21;16:08:20;+21;0963;0077;0247;0408;00543;4724.49597N;00830.36197E;02.0;0.0000;0.0000;0.0000;-.--;-.--
2024-10-21;16:09:57;+20;0963;0064;0214;0376;00546;4724.49685N;00830.36281E;01.7;0.0000;0.0000;0.0000;-.--;-.--
2024-10-21;16:12:11;+20;0963;0042;0151;0287;00546;4724.49571N;00830.36249E;01.3;0.0000;0.0000;0.0000;-.--;-.--
2024-10-21;16:14:18;+20;0963;0028;0107;0228;00544;4724.49541N;00830.36168E;01.0;0.0000;0.0000;0.0000;-.--;-.--
2024-10-21;16:15:42;+20;0963;0020;0078;0176;00544;4724.49606N;00830.36265E;00.8;0.0000;0.0000;0.0000;-.--;-.--
2024-10-21;16:16:27;+20;0963;0017;0063;0153;00545;4724.49644N;00830.36203E;00.7;0.0000;0.0000;0.0000;-.--;-.--
2024-10-21;16:16:50;+20;0963;0015;0055;0139;00543;4724.49662N;00830.36209E;00.6;0.0000;0.0000;0.0000;-.--;-.--
2024-10-21;16:17:06;+20;0963;0013;0052;0132;00544;4724.49605N;00830.36218E;00.5;0.0000;0.0000;0.0000;-.--;-.--
2024-10-21;16:17:24;+20;0963;0014;0049;0127;0000M;4724.49603N;00830.36263E;00.5;0.0000;0.0000;0.0000;-.--;-.--
2024-10-21;16:17:48;+20;0963;0012;0041;0110;00543;4724.49563N;00830.36230E;00.4;0.0000;0.0000;0.0000;-.--;-.--
2024-10-21;16:18:06;+20;0963;0009;0033;0089;00545;4724.49573N;00830.36148E;00.4;0.0000;0.0000;0.0000;-.--;-.--
2024-10-21;16:18:19;+20;0963;0008;0029;0078;00546;4724.49567N;00830.36088E;00.3;0.0000;0.0000;0.0000;-.--;-.--
2024-10-21;16:18:41;+20;0963;0006;0021;0057;00545;4724.49593N;00830.36131E;00.3;0.0000;0.0000;0.0000;-.--;-.--
2024-10-21;16:19:02;+20;0963;0004;0014;0038;00543;4724.49698N;00830.36275E;00.2;0.0000;0.0000;0.0000;-.--;-.--
2024-10-21;16:19:11;+20;0963;0003;0010;0029;00543;4724.49682N;00830.36322E;00.2;0.0000;0.0000;0.0000;-.--;-.--
2024-10-21;16:19:29;+20;0963;0002;0006;0018;00542;4724.49686N;00830.36285E;00.2;0.0000;0.0000;0.0000;-.--;-.--
2024-10-21;16:19:41;+20;0963;0001;0004;0012;00538;4724.49629N;00830.36312E;00.1;0.0000;0.0000;0.0000;-.--;-.--
2024-10-21;16:19:50;+20;0963;0001;0002;0006;00537;4724.49625N;00830.36313E;00.1;0.0000;0.0000;0.0000;-.--;-.--
2024-11-08;11:50:27;+21;0968;1469;1884;1566;0000M;4723.82014N;00832.99210E;25.1;0.1955;0.1678;0.1499;0.93;1.00
2024-11-08;11:50:47;+21;0968;1473;1888;1570;00521;4723.81986N;00832.99243E;25.1;0.1942;0.1668;0.1487;0.93;1.00
2024-11-08;11:51:12;+21;0968;1467;1882;1566;00520;4723.81976N;00832.99232E;25.1;0.1957;0.1680;0.1497;0.94;1.00
2024-11-08;11:51:34;+21;0968;1451;1863;1548;00516;4723.82013N;00832.99244E;25.1;0.2002;0.1722;0.1545;0.91;1.00
2024-11-08;12:55:23;+22;0967;1086;1469;1265;00517;4723.81509N;00832.99509E;21.5;0.2540;0.2204;0.1972;0.88;1.00
2024-11-08;12:55:50;+22;0967;1059;1419;1265;00515;4723.81554N;00832.99546E;21.5;0.2625;0.2325;0.1968;1.00;0.99
2024-11-08;12:56:25;+22;0967;1105;1485;1289;00515;4723.81645N;00832.99536E;21.4;0.2461;0.2152;0.1894;0.91;1.00
2024-11-08;13:22:20;+22;0967;0958;1336;1193;00514;4723.81858N;00832.99709E;19.2;0.2492;0.2166;0.1880;0.98;1.00
2024-11-08;13:23:19;+21;0967;0964;1345;1197;0000M;4723.81703N;00832.99689E;19.1;0.2451;0.2129;0.1857;0.97;1.00
2024-11-08;13:23:55;+21;0967;0926;1285;1163;00499;4723.81675N;00832.99756E;19.0;0.2570;0.2268;0.1943;0.97;0.99
2024-11-08;14:38:03;+21;0967;0365;0636;0673;00519;4723.78958N;00833.08658E;10.5;0.2325;0.2055;0.1758;0.97;0.99
2024-11-08;14:38:18;+21;0967;0350;0608;0653;00513;4723.79064N;00833.08675E;10.5;0.2389;0.2127;0.1806;0.98;0.98
2024-11-08;14:38:28;+21;0967;0362;0631;0673;00512;4723.79074N;00833.08659E;10.5;0.2319;0.2052;0.1745;0.99;0.99
2024-11-11;12:30:50;+22;0977;0273;0355;0296;00444;4720.12260N;00831.11436E;22.5;0.8004;0.7781;0.7650;0.16;0.99
2024-11-14;07:56:22;+21;0977;0496;0774;0748;00470;4725.47073N;00832.19170E;11.1;0.1959;0.1854;0.1697;0.50;0.98
2024-11-14;07:56:56;+21;0977;0507;0773;0780;00485;4725.46400N;00832.19167E;11.2;0.1940;0.1874;0.1631;0.60;0.87
2024-11-15;11:23:23;+18;0975;1774;2262;1850;00446;4720.12555N;00831.10855E;23.9;0.1015;0.0813;0.0728;1.16;0.97
2024-11-15;11:36:33;+21;0975;1704;2165;1818;00448;4720.12656N;00831.10426E;23.7;0.1153;0.0974;0.0787;1.34;0.99
2024-11-15;11:53:20;+26;0975;1650;2114;1778;00454;4720.12552N;00831.10840E;23.3;0.1226;0.1030;0.0847;1.29;1.00
2024-11-15;14:37:33;+18;0974;0150;0266;0276;0000M;4720.12283N;00831.11354E;09.2;0.3202;0.3036;0.2861;0.39;1.00
2024-11-16;10:41:44;+17;0972;1332;1687;1369;00441;4720.12618N;00831.11289E;23.4;0.2107;0.1947;0.1901;0.36;0.93
2024-11-16;11:09:28;+17;0972;1888;2382;1949;00440;4720.12646N;00831.10939E;23.8;0.0751;0.0596;0.0511;1.35;0.99
2024-11-16;11:40:34;+18;0971;1855;2330;1904;00457;4720.12472N;00831.10252E;23.4;0.0786;0.0660;0.0587;1.02;0.99
2024-11-16;12:19:44;+19;0971;1875;2380;1943;00454;4720.12640N;00831.10165E;21.9;0.0586;0.0472;0.0430;1.09;0.96
2024-11-16;13:26:35;+18;0970;1578;2122;1798;00442;4720.12713N;00831.10762E;17.0;0.0556;0.0455;0.0398;1.17;0.99
2024-11-16;13:54:10;+19;0970;1364;1922;1697;00444;4720.12740N;00831.10945E;14.2;0.0520;0.0437;0.0353;1.35;0.99
